(kicad_pcb (version 20171130) (host pcbnew 5.0.2-bee76a0~70~ubuntu18.04.1)

  (general
    (thickness 1.6)
    (drawings 10)
    (tracks 33)
    (zones 0)
    (modules 23)
    (nets 54)
  )

  (page A4)
  (layers
    (0 F.Cu signal)
    (31 B.Cu signal)
    (32 B.Adhes user)
    (33 F.Adhes user)
    (34 B.Paste user)
    (35 F.Paste user)
    (36 B.SilkS user)
    (37 F.SilkS user)
    (38 B.Mask user)
    (39 F.Mask user)
    (40 Dwgs.User user)
    (41 Cmts.User user)
    (42 Eco1.User user)
    (43 Eco2.User user)
    (44 Edge.Cuts user)
    (45 Margin user)
    (46 B.CrtYd user)
    (47 F.CrtYd user)
    (48 B.Fab user)
    (49 F.Fab user hide)
  )

  (setup
    (last_trace_width 0.35)
    (user_trace_width 0.35)
    (user_trace_width 0.5)
    (trace_clearance 0.2)
    (zone_clearance 0.508)
    (zone_45_only no)
    (trace_min 0.2)
    (segment_width 0.2)
    (edge_width 0.15)
    (via_size 0.8)
    (via_drill 0.4)
    (via_min_size 0.4)
    (via_min_drill 0.3)
    (user_via 1 0.5)
    (uvia_size 0.3)
    (uvia_drill 0.1)
    (uvias_allowed no)
    (uvia_min_size 0.2)
    (uvia_min_drill 0.1)
    (pcb_text_width 0.3)
    (pcb_text_size 1.5 1.5)
    (mod_edge_width 0.15)
    (mod_text_size 1 1)
    (mod_text_width 0.15)
    (pad_size 1.524 1.524)
    (pad_drill 0.762)
    (pad_to_mask_clearance 0.051)
    (solder_mask_min_width 0.25)
    (aux_axis_origin 0 0)
    (visible_elements FFFFF77F)
    (pcbplotparams
      (layerselection 0x010fc_ffffffff)
      (usegerberextensions false)
      (usegerberattributes false)
      (usegerberadvancedattributes false)
      (creategerberjobfile false)
      (excludeedgelayer true)
      (linewidth 0.100000)
      (plotframeref false)
      (viasonmask false)
      (mode 1)
      (useauxorigin false)
      (hpglpennumber 1)
      (hpglpenspeed 20)
      (hpglpendiameter 15.000000)
      (psnegative false)
      (psa4output false)
      (plotreference true)
      (plotvalue true)
      (plotinvisibletext false)
      (padsonsilk false)
      (subtractmaskfromsilk false)
      (outputformat 1)
      (mirror false)
      (drillshape 1)
      (scaleselection 1)
      (outputdirectory ""))
  )

  (net 0 "")
  (net 1 /~MEM_WE)
  (net 2 /~MEM_OE)
  (net 3 VCC)
  (net 4 "Net-(U3-Pad4)")
  (net 5 /V_IN)
  (net 6 GND)
  (net 7 /A6)
  (net 8 /A30)
  (net 9 /A31)
  (net 10 /B6)
  (net 11 /A5)
  (net 12 /B5)
  (net 13 /A4)
  (net 14 /B4)
  (net 15 /A3)
  (net 16 /B3)
  (net 17 /A2)
  (net 18 /B2)
  (net 19 /A1)
  (net 20 /B1)
  (net 21 /~LCD_E)
  (net 22 /A0)
  (net 23 /A7)
  (net 24 /A8)
  (net 25 /A9)
  (net 26 /A10)
  (net 27 /A11)
  (net 28 /A12)
  (net 29 /A13)
  (net 30 /A14)
  (net 31 /A15)
  (net 32 /A16)
  (net 33 /A17)
  (net 34 /A18)
  (net 35 /A19)
  (net 36 /A20)
  (net 37 /A21)
  (net 38 /A22)
  (net 39 /A23)
  (net 40 /~RESET)
  (net 41 /~WAIT)
  (net 42 /D0)
  (net 43 /D1)
  (net 44 /D2)
  (net 45 /D3)
  (net 46 /D4)
  (net 47 /D5)
  (net 48 /D6)
  (net 49 /D7)
  (net 50 "Net-(J1-Pad3)")
  (net 51 /~MEM_E)
  (net 52 /LCD_E)
  (net 53 "Net-(U4-Pad1)")

  (net_class Default "This is the default net class."
    (clearance 0.2)
    (trace_width 0.25)
    (via_dia 0.8)
    (via_drill 0.4)
    (uvia_dia 0.3)
    (uvia_drill 0.1)
    (add_net /A0)
    (add_net /A1)
    (add_net /A10)
    (add_net /A11)
    (add_net /A12)
    (add_net /A13)
    (add_net /A14)
    (add_net /A15)
    (add_net /A16)
    (add_net /A17)
    (add_net /A18)
    (add_net /A19)
    (add_net /A2)
    (add_net /A20)
    (add_net /A21)
    (add_net /A22)
    (add_net /A23)
    (add_net /A3)
    (add_net /A30)
    (add_net /A31)
    (add_net /A4)
    (add_net /A5)
    (add_net /A6)
    (add_net /A7)
    (add_net /A8)
    (add_net /A9)
    (add_net /B1)
    (add_net /B2)
    (add_net /B3)
    (add_net /B4)
    (add_net /B5)
    (add_net /B6)
    (add_net /D0)
    (add_net /D1)
    (add_net /D2)
    (add_net /D3)
    (add_net /D4)
    (add_net /D5)
    (add_net /D6)
    (add_net /D7)
    (add_net /LCD_E)
    (add_net /V_IN)
    (add_net /~LCD_E)
    (add_net /~MEM_E)
    (add_net /~MEM_OE)
    (add_net /~MEM_WE)
    (add_net /~RESET)
    (add_net /~WAIT)
    (add_net GND)
    (add_net "Net-(J1-Pad3)")
    (add_net "Net-(U3-Pad4)")
    (add_net "Net-(U4-Pad1)")
    (add_net VCC)
  )

  (module Package_TO_SOT_SMD:SOT-23-5_HandSoldering (layer F.Cu) (tedit 5A0AB76C) (tstamp 5F003455)
    (at 91 111.2 180)
    (descr "5-pin SOT23 package")
    (tags "SOT-23-5 hand-soldering")
    (path /5EFED4D5)
    (attr smd)
    (fp_text reference U4 (at 0 -2.9 180) (layer F.SilkS)
      (effects (font (size 1 1) (thickness 0.15)))
    )
    (fp_text value 74LVC1G04 (at 0 2.9 180) (layer F.Fab)
      (effects (font (size 1 1) (thickness 0.15)))
    )
    (fp_text user %R (at 0 0 270) (layer F.Fab)
      (effects (font (size 0.5 0.5) (thickness 0.075)))
    )
    (fp_line (start -0.9 1.61) (end 0.9 1.61) (layer F.SilkS) (width 0.12))
    (fp_line (start 0.9 -1.61) (end -1.55 -1.61) (layer F.SilkS) (width 0.12))
    (fp_line (start -0.9 -0.9) (end -0.25 -1.55) (layer F.Fab) (width 0.1))
    (fp_line (start 0.9 -1.55) (end -0.25 -1.55) (layer F.Fab) (width 0.1))
    (fp_line (start -0.9 -0.9) (end -0.9 1.55) (layer F.Fab) (width 0.1))
    (fp_line (start 0.9 1.55) (end -0.9 1.55) (layer F.Fab) (width 0.1))
    (fp_line (start 0.9 -1.55) (end 0.9 1.55) (layer F.Fab) (width 0.1))
    (fp_line (start -2.38 -1.8) (end 2.38 -1.8) (layer F.CrtYd) (width 0.05))
    (fp_line (start -2.38 -1.8) (end -2.38 1.8) (layer F.CrtYd) (width 0.05))
    (fp_line (start 2.38 1.8) (end 2.38 -1.8) (layer F.CrtYd) (width 0.05))
    (fp_line (start 2.38 1.8) (end -2.38 1.8) (layer F.CrtYd) (width 0.05))
    (pad 1 smd rect (at -1.35 -0.95 180) (size 1.56 0.65) (layers F.Cu F.Paste F.Mask)
      (net 53 "Net-(U4-Pad1)"))
    (pad 2 smd rect (at -1.35 0 180) (size 1.56 0.65) (layers F.Cu F.Paste F.Mask)
      (net 21 /~LCD_E))
    (pad 3 smd rect (at -1.35 0.95 180) (size 1.56 0.65) (layers F.Cu F.Paste F.Mask)
      (net 6 GND))
    (pad 4 smd rect (at 1.35 0.95 180) (size 1.56 0.65) (layers F.Cu F.Paste F.Mask)
      (net 52 /LCD_E))
    (pad 5 smd rect (at 1.35 -0.95 180) (size 1.56 0.65) (layers F.Cu F.Paste F.Mask)
      (net 3 VCC))
    (model ${KISYS3DMOD}/Package_TO_SOT_SMD.3dshapes/SOT-23-5.wrl
      (at (xyz 0 0 0))
      (scale (xyz 1 1 1))
      (rotate (xyz 0 0 0))
    )
  )

  (module Potentiometer_THT:Potentiometer_Bourns_3386P_Vertical (layer F.Cu) (tedit 5AA07388) (tstamp 5EFFA7F4)
    (at 82.94 114.74 90)
    (descr "Potentiometer, vertical, Bourns 3386P, https://www.bourns.com/pdfs/3386.pdf")
    (tags "Potentiometer vertical Bourns 3386P")
    (path /5EF97AB7)
    (fp_text reference RV1 (at -0.015 -8.555 90) (layer F.SilkS)
      (effects (font (size 1 1) (thickness 0.15)))
    )
    (fp_text value 10k (at -0.015 3.475 90) (layer F.Fab)
      (effects (font (size 1 1) (thickness 0.15)))
    )
    (fp_circle (center -0.891 -2.54) (end 0.684 -2.54) (layer F.Fab) (width 0.1))
    (fp_line (start -4.78 -7.305) (end -4.78 2.225) (layer F.Fab) (width 0.1))
    (fp_line (start -4.78 2.225) (end 4.75 2.225) (layer F.Fab) (width 0.1))
    (fp_line (start 4.75 2.225) (end 4.75 -7.305) (layer F.Fab) (width 0.1))
    (fp_line (start 4.75 -7.305) (end -4.78 -7.305) (layer F.Fab) (width 0.1))
    (fp_line (start -0.891 -0.98) (end -0.89 -4.099) (layer F.Fab) (width 0.1))
    (fp_line (start -0.891 -0.98) (end -0.89 -4.099) (layer F.Fab) (width 0.1))
    (fp_line (start -4.9 -7.425) (end 4.87 -7.425) (layer F.SilkS) (width 0.12))
    (fp_line (start -4.9 2.345) (end 4.87 2.345) (layer F.SilkS) (width 0.12))
    (fp_line (start -4.9 -7.425) (end -4.9 2.345) (layer F.SilkS) (width 0.12))
    (fp_line (start 4.87 -7.425) (end 4.87 2.345) (layer F.SilkS) (width 0.12))
    (fp_line (start -5.03 -7.56) (end -5.03 2.48) (layer F.CrtYd) (width 0.05))
    (fp_line (start -5.03 2.48) (end 5 2.48) (layer F.CrtYd) (width 0.05))
    (fp_line (start 5 2.48) (end 5 -7.56) (layer F.CrtYd) (width 0.05))
    (fp_line (start 5 -7.56) (end -5.03 -7.56) (layer F.CrtYd) (width 0.05))
    (fp_text user %R (at -3.78 -2.54 180) (layer F.Fab)
      (effects (font (size 1 1) (thickness 0.15)))
    )
    (pad 3 thru_hole circle (at 0 -5.08 90) (size 1.44 1.44) (drill 0.8) (layers *.Cu *.Mask)
      (net 6 GND))
    (pad 2 thru_hole circle (at 2.54 -2.54 90) (size 1.44 1.44) (drill 0.8) (layers *.Cu *.Mask)
      (net 50 "Net-(J1-Pad3)"))
    (pad 1 thru_hole circle (at 0 0 90) (size 1.44 1.44) (drill 0.8) (layers *.Cu *.Mask)
      (net 3 VCC))
    (model ${KISYS3DMOD}/Potentiometer_THT.3dshapes/Potentiometer_Bourns_3386P_Vertical.wrl
      (at (xyz 0 0 0))
      (scale (xyz 1 1 1))
      (rotate (xyz 0 0 0))
    )
    (model /home/olof/Documents/Projects/riscv-serial/hardware/Bournes-3386P.wrl
      (offset (xyz 0 5 0))
      (scale (xyz 0.393701 0.393701 0.393701))
      (rotate (xyz 0 0 -90))
    )
  )

  (module riscv-serial:SolderJumper-3_P1.3mm_Bridged2Bar12_RoundedPad1.0x1.5mm (layer F.Cu) (tedit 5B39197B) (tstamp 5EFE9008)
    (at 91.192 92.887 270)
    (descr "SMD Solder 3-pad Jumper, 1x1.5mm rounded Pads, 0.3mm gap, pads 1-2 Bridged2Bar with 2 copper strip")
    (tags "solder jumper open")
    (path /5EEF936D)
    (attr virtual)
    (fp_text reference JP6 (at 0 -1.8 270) (layer F.SilkS)
      (effects (font (size 1 1) (thickness 0.15)))
    )
    (fp_text value SolderJumper_3_Bridged12 (at 0 1.9 270) (layer F.Fab)
      (effects (font (size 1 1) (thickness 0.15)))
    )
    (fp_arc (start -1.35 -0.3) (end -1.35 -1) (angle -90) (layer F.SilkS) (width 0.12))
    (fp_arc (start -1.35 0.3) (end -2.05 0.3) (angle -90) (layer F.SilkS) (width 0.12))
    (fp_arc (start 1.35 0.3) (end 1.35 1) (angle -90) (layer F.SilkS) (width 0.12))
    (fp_arc (start 1.35 -0.3) (end 2.05 -0.3) (angle -90) (layer F.SilkS) (width 0.12))
    (fp_line (start 2.3 1.25) (end -2.3 1.25) (layer F.CrtYd) (width 0.05))
    (fp_line (start 2.3 1.25) (end 2.3 -1.25) (layer F.CrtYd) (width 0.05))
    (fp_line (start -2.3 -1.25) (end -2.3 1.25) (layer F.CrtYd) (width 0.05))
    (fp_line (start -2.3 -1.25) (end 2.3 -1.25) (layer F.CrtYd) (width 0.05))
    (fp_line (start -1.4 -1) (end 1.4 -1) (layer F.SilkS) (width 0.12))
    (fp_line (start 2.05 -0.3) (end 2.05 0.3) (layer F.SilkS) (width 0.12))
    (fp_line (start 1.4 1) (end -1.4 1) (layer F.SilkS) (width 0.12))
    (fp_line (start -2.05 0.3) (end -2.05 -0.3) (layer F.SilkS) (width 0.12))
    (fp_line (start -1.2 1.2) (end -1.5 1.5) (layer F.SilkS) (width 0.12))
    (fp_line (start -1.5 1.5) (end -0.9 1.5) (layer F.SilkS) (width 0.12))
    (fp_line (start -1.2 1.2) (end -0.9 1.5) (layer F.SilkS) (width 0.12))
    (pad 2 smd rect (at 0 0 270) (size 1 1.5) (layers F.Cu F.Mask)
      (net 10 /B6))
    (pad 3 smd custom (at 1.3 0 270) (size 1 0.5) (layers F.Cu F.Mask)
      (net 3 VCC) (zone_connect 0)
      (options (clearance outline) (anchor rect))
      (primitives
        (gr_circle (center 0 0.25) (end 0.5 0.25) (width 0))
        (gr_circle (center 0 -0.25) (end 0.5 -0.25) (width 0))
        (gr_poly (pts
           (xy -0.55 -0.75) (xy 0 -0.75) (xy 0 0.75) (xy -0.55 0.75)) (width 0))
      ))
    (pad 1 smd custom (at -1.3 0 270) (size 1 0.5) (layers F.Cu F.Mask)
      (net 6 GND) (zone_connect 0)
      (options (clearance outline) (anchor rect))
      (primitives
        (gr_circle (center 0 0.25) (end 0.5 0.25) (width 0))
        (gr_circle (center 0 -0.25) (end 0.5 -0.25) (width 0))
        (gr_poly (pts
           (xy 0.55 -0.75) (xy 0 -0.75) (xy 0 0.75) (xy 0.55 0.75)) (width 0))
        (gr_poly (pts
           (xy 0.4 -0.6) (xy 0.9 -0.6) (xy 0.9 -0.2) (xy 0.4 -0.2)) (width 0))
        (gr_poly (pts
           (xy 0.4 0.2) (xy 0.9 0.2) (xy 0.9 0.6) (xy 0.4 0.6)) (width 0))
      ))
  )

  (module riscv-serial:SolderJumper-3_P1.3mm_Bridged2Bar12_RoundedPad1.0x1.5mm (layer F.Cu) (tedit 5B39197B) (tstamp 5EFE8FF3)
    (at 96.78 92.887 270)
    (descr "SMD Solder 3-pad Jumper, 1x1.5mm rounded Pads, 0.3mm gap, pads 1-2 Bridged2Bar with 2 copper strip")
    (tags "solder jumper open")
    (path /5EEF045C)
    (attr virtual)
    (fp_text reference JP4 (at 0 -1.8 270) (layer F.SilkS)
      (effects (font (size 1 1) (thickness 0.15)))
    )
    (fp_text value SolderJumper_3_Bridged12 (at 0 1.9 270) (layer F.Fab)
      (effects (font (size 1 1) (thickness 0.15)))
    )
    (fp_line (start -1.2 1.2) (end -0.9 1.5) (layer F.SilkS) (width 0.12))
    (fp_line (start -1.5 1.5) (end -0.9 1.5) (layer F.SilkS) (width 0.12))
    (fp_line (start -1.2 1.2) (end -1.5 1.5) (layer F.SilkS) (width 0.12))
    (fp_line (start -2.05 0.3) (end -2.05 -0.3) (layer F.SilkS) (width 0.12))
    (fp_line (start 1.4 1) (end -1.4 1) (layer F.SilkS) (width 0.12))
    (fp_line (start 2.05 -0.3) (end 2.05 0.3) (layer F.SilkS) (width 0.12))
    (fp_line (start -1.4 -1) (end 1.4 -1) (layer F.SilkS) (width 0.12))
    (fp_line (start -2.3 -1.25) (end 2.3 -1.25) (layer F.CrtYd) (width 0.05))
    (fp_line (start -2.3 -1.25) (end -2.3 1.25) (layer F.CrtYd) (width 0.05))
    (fp_line (start 2.3 1.25) (end 2.3 -1.25) (layer F.CrtYd) (width 0.05))
    (fp_line (start 2.3 1.25) (end -2.3 1.25) (layer F.CrtYd) (width 0.05))
    (fp_arc (start 1.35 -0.3) (end 2.05 -0.3) (angle -90) (layer F.SilkS) (width 0.12))
    (fp_arc (start 1.35 0.3) (end 1.35 1) (angle -90) (layer F.SilkS) (width 0.12))
    (fp_arc (start -1.35 0.3) (end -2.05 0.3) (angle -90) (layer F.SilkS) (width 0.12))
    (fp_arc (start -1.35 -0.3) (end -1.35 -1) (angle -90) (layer F.SilkS) (width 0.12))
    (pad 1 smd custom (at -1.3 0 270) (size 1 0.5) (layers F.Cu F.Mask)
      (net 6 GND) (zone_connect 0)
      (options (clearance outline) (anchor rect))
      (primitives
        (gr_circle (center 0 0.25) (end 0.5 0.25) (width 0))
        (gr_circle (center 0 -0.25) (end 0.5 -0.25) (width 0))
        (gr_poly (pts
           (xy 0.55 -0.75) (xy 0 -0.75) (xy 0 0.75) (xy 0.55 0.75)) (width 0))
        (gr_poly (pts
           (xy 0.4 -0.6) (xy 0.9 -0.6) (xy 0.9 -0.2) (xy 0.4 -0.2)) (width 0))
        (gr_poly (pts
           (xy 0.4 0.2) (xy 0.9 0.2) (xy 0.9 0.6) (xy 0.4 0.6)) (width 0))
      ))
    (pad 3 smd custom (at 1.3 0 270) (size 1 0.5) (layers F.Cu F.Mask)
      (net 3 VCC) (zone_connect 0)
      (options (clearance outline) (anchor rect))
      (primitives
        (gr_circle (center 0 0.25) (end 0.5 0.25) (width 0))
        (gr_circle (center 0 -0.25) (end 0.5 -0.25) (width 0))
        (gr_poly (pts
           (xy -0.55 -0.75) (xy 0 -0.75) (xy 0 0.75) (xy -0.55 0.75)) (width 0))
      ))
    (pad 2 smd rect (at 0 0 270) (size 1 1.5) (layers F.Cu F.Mask)
      (net 14 /B4))
  )

  (module riscv-serial:SolderJumper-3_P1.3mm_Bridged2Bar12_RoundedPad1.0x1.5mm (layer F.Cu) (tedit 5B39197B) (tstamp 5EFE8FDE)
    (at 99.574 92.887 270)
    (descr "SMD Solder 3-pad Jumper, 1x1.5mm rounded Pads, 0.3mm gap, pads 1-2 Bridged2Bar with 2 copper strip")
    (tags "solder jumper open")
    (path /5EEEBEA2)
    (attr virtual)
    (fp_text reference JP3 (at 0 -1.8 270) (layer F.SilkS)
      (effects (font (size 1 1) (thickness 0.15)))
    )
    (fp_text value SolderJumper_3_Bridged12 (at 0 1.9 270) (layer F.Fab)
      (effects (font (size 1 1) (thickness 0.15)))
    )
    (fp_arc (start -1.35 -0.3) (end -1.35 -1) (angle -90) (layer F.SilkS) (width 0.12))
    (fp_arc (start -1.35 0.3) (end -2.05 0.3) (angle -90) (layer F.SilkS) (width 0.12))
    (fp_arc (start 1.35 0.3) (end 1.35 1) (angle -90) (layer F.SilkS) (width 0.12))
    (fp_arc (start 1.35 -0.3) (end 2.05 -0.3) (angle -90) (layer F.SilkS) (width 0.12))
    (fp_line (start 2.3 1.25) (end -2.3 1.25) (layer F.CrtYd) (width 0.05))
    (fp_line (start 2.3 1.25) (end 2.3 -1.25) (layer F.CrtYd) (width 0.05))
    (fp_line (start -2.3 -1.25) (end -2.3 1.25) (layer F.CrtYd) (width 0.05))
    (fp_line (start -2.3 -1.25) (end 2.3 -1.25) (layer F.CrtYd) (width 0.05))
    (fp_line (start -1.4 -1) (end 1.4 -1) (layer F.SilkS) (width 0.12))
    (fp_line (start 2.05 -0.3) (end 2.05 0.3) (layer F.SilkS) (width 0.12))
    (fp_line (start 1.4 1) (end -1.4 1) (layer F.SilkS) (width 0.12))
    (fp_line (start -2.05 0.3) (end -2.05 -0.3) (layer F.SilkS) (width 0.12))
    (fp_line (start -1.2 1.2) (end -1.5 1.5) (layer F.SilkS) (width 0.12))
    (fp_line (start -1.5 1.5) (end -0.9 1.5) (layer F.SilkS) (width 0.12))
    (fp_line (start -1.2 1.2) (end -0.9 1.5) (layer F.SilkS) (width 0.12))
    (pad 2 smd rect (at 0 0 270) (size 1 1.5) (layers F.Cu F.Mask)
      (net 16 /B3))
    (pad 3 smd custom (at 1.3 0 270) (size 1 0.5) (layers F.Cu F.Mask)
      (net 3 VCC) (zone_connect 0)
      (options (clearance outline) (anchor rect))
      (primitives
        (gr_circle (center 0 0.25) (end 0.5 0.25) (width 0))
        (gr_circle (center 0 -0.25) (end 0.5 -0.25) (width 0))
        (gr_poly (pts
           (xy -0.55 -0.75) (xy 0 -0.75) (xy 0 0.75) (xy -0.55 0.75)) (width 0))
      ))
    (pad 1 smd custom (at -1.3 0 270) (size 1 0.5) (layers F.Cu F.Mask)
      (net 6 GND) (zone_connect 0)
      (options (clearance outline) (anchor rect))
      (primitives
        (gr_circle (center 0 0.25) (end 0.5 0.25) (width 0))
        (gr_circle (center 0 -0.25) (end 0.5 -0.25) (width 0))
        (gr_poly (pts
           (xy 0.55 -0.75) (xy 0 -0.75) (xy 0 0.75) (xy 0.55 0.75)) (width 0))
        (gr_poly (pts
           (xy 0.4 -0.6) (xy 0.9 -0.6) (xy 0.9 -0.2) (xy 0.4 -0.2)) (width 0))
        (gr_poly (pts
           (xy 0.4 0.2) (xy 0.9 0.2) (xy 0.9 0.6) (xy 0.4 0.6)) (width 0))
      ))
  )

  (module riscv-serial:SolderJumper-3_P1.3mm_Bridged2Bar12_RoundedPad1.0x1.5mm (layer F.Cu) (tedit 5B39197B) (tstamp 5EFE8FC9)
    (at 102.368 92.887 270)
    (descr "SMD Solder 3-pad Jumper, 1x1.5mm rounded Pads, 0.3mm gap, pads 1-2 Bridged2Bar with 2 copper strip")
    (tags "solder jumper open")
    (path /5EEBEC35)
    (attr virtual)
    (fp_text reference JP2 (at 0 -1.8 270) (layer F.SilkS)
      (effects (font (size 1 1) (thickness 0.15)))
    )
    (fp_text value SolderJumper_3_Bridged12 (at 0 1.9 270) (layer F.Fab)
      (effects (font (size 1 1) (thickness 0.15)))
    )
    (fp_line (start -1.2 1.2) (end -0.9 1.5) (layer F.SilkS) (width 0.12))
    (fp_line (start -1.5 1.5) (end -0.9 1.5) (layer F.SilkS) (width 0.12))
    (fp_line (start -1.2 1.2) (end -1.5 1.5) (layer F.SilkS) (width 0.12))
    (fp_line (start -2.05 0.3) (end -2.05 -0.3) (layer F.SilkS) (width 0.12))
    (fp_line (start 1.4 1) (end -1.4 1) (layer F.SilkS) (width 0.12))
    (fp_line (start 2.05 -0.3) (end 2.05 0.3) (layer F.SilkS) (width 0.12))
    (fp_line (start -1.4 -1) (end 1.4 -1) (layer F.SilkS) (width 0.12))
    (fp_line (start -2.3 -1.25) (end 2.3 -1.25) (layer F.CrtYd) (width 0.05))
    (fp_line (start -2.3 -1.25) (end -2.3 1.25) (layer F.CrtYd) (width 0.05))
    (fp_line (start 2.3 1.25) (end 2.3 -1.25) (layer F.CrtYd) (width 0.05))
    (fp_line (start 2.3 1.25) (end -2.3 1.25) (layer F.CrtYd) (width 0.05))
    (fp_arc (start 1.35 -0.3) (end 2.05 -0.3) (angle -90) (layer F.SilkS) (width 0.12))
    (fp_arc (start 1.35 0.3) (end 1.35 1) (angle -90) (layer F.SilkS) (width 0.12))
    (fp_arc (start -1.35 0.3) (end -2.05 0.3) (angle -90) (layer F.SilkS) (width 0.12))
    (fp_arc (start -1.35 -0.3) (end -1.35 -1) (angle -90) (layer F.SilkS) (width 0.12))
    (pad 1 smd custom (at -1.3 0 270) (size 1 0.5) (layers F.Cu F.Mask)
      (net 6 GND) (zone_connect 0)
      (options (clearance outline) (anchor rect))
      (primitives
        (gr_circle (center 0 0.25) (end 0.5 0.25) (width 0))
        (gr_circle (center 0 -0.25) (end 0.5 -0.25) (width 0))
        (gr_poly (pts
           (xy 0.55 -0.75) (xy 0 -0.75) (xy 0 0.75) (xy 0.55 0.75)) (width 0))
        (gr_poly (pts
           (xy 0.4 -0.6) (xy 0.9 -0.6) (xy 0.9 -0.2) (xy 0.4 -0.2)) (width 0))
        (gr_poly (pts
           (xy 0.4 0.2) (xy 0.9 0.2) (xy 0.9 0.6) (xy 0.4 0.6)) (width 0))
      ))
    (pad 3 smd custom (at 1.3 0 270) (size 1 0.5) (layers F.Cu F.Mask)
      (net 3 VCC) (zone_connect 0)
      (options (clearance outline) (anchor rect))
      (primitives
        (gr_circle (center 0 0.25) (end 0.5 0.25) (width 0))
        (gr_circle (center 0 -0.25) (end 0.5 -0.25) (width 0))
        (gr_poly (pts
           (xy -0.55 -0.75) (xy 0 -0.75) (xy 0 0.75) (xy -0.55 0.75)) (width 0))
      ))
    (pad 2 smd rect (at 0 0 270) (size 1 1.5) (layers F.Cu F.Mask)
      (net 18 /B2))
  )

  (module riscv-serial:SolderJumper-3_P1.3mm_Bridged2Bar12_RoundedPad1.0x1.5mm (layer F.Cu) (tedit 5B39197B) (tstamp 5EFE8FB4)
    (at 105.162 92.887 270)
    (descr "SMD Solder 3-pad Jumper, 1x1.5mm rounded Pads, 0.3mm gap, pads 1-2 Bridged2Bar with 2 copper strip")
    (tags "solder jumper open")
    (path /5EEBE9DE)
    (attr virtual)
    (fp_text reference JP1 (at 0 -1.8 270) (layer F.SilkS)
      (effects (font (size 1 1) (thickness 0.15)))
    )
    (fp_text value SolderJumper_3_Bridged12 (at 0 1.9 270) (layer F.Fab)
      (effects (font (size 1 1) (thickness 0.15)))
    )
    (fp_arc (start -1.35 -0.3) (end -1.35 -1) (angle -90) (layer F.SilkS) (width 0.12))
    (fp_arc (start -1.35 0.3) (end -2.05 0.3) (angle -90) (layer F.SilkS) (width 0.12))
    (fp_arc (start 1.35 0.3) (end 1.35 1) (angle -90) (layer F.SilkS) (width 0.12))
    (fp_arc (start 1.35 -0.3) (end 2.05 -0.3) (angle -90) (layer F.SilkS) (width 0.12))
    (fp_line (start 2.3 1.25) (end -2.3 1.25) (layer F.CrtYd) (width 0.05))
    (fp_line (start 2.3 1.25) (end 2.3 -1.25) (layer F.CrtYd) (width 0.05))
    (fp_line (start -2.3 -1.25) (end -2.3 1.25) (layer F.CrtYd) (width 0.05))
    (fp_line (start -2.3 -1.25) (end 2.3 -1.25) (layer F.CrtYd) (width 0.05))
    (fp_line (start -1.4 -1) (end 1.4 -1) (layer F.SilkS) (width 0.12))
    (fp_line (start 2.05 -0.3) (end 2.05 0.3) (layer F.SilkS) (width 0.12))
    (fp_line (start 1.4 1) (end -1.4 1) (layer F.SilkS) (width 0.12))
    (fp_line (start -2.05 0.3) (end -2.05 -0.3) (layer F.SilkS) (width 0.12))
    (fp_line (start -1.2 1.2) (end -1.5 1.5) (layer F.SilkS) (width 0.12))
    (fp_line (start -1.5 1.5) (end -0.9 1.5) (layer F.SilkS) (width 0.12))
    (fp_line (start -1.2 1.2) (end -0.9 1.5) (layer F.SilkS) (width 0.12))
    (pad 2 smd rect (at 0 0 270) (size 1 1.5) (layers F.Cu F.Mask)
      (net 20 /B1))
    (pad 3 smd custom (at 1.3 0 270) (size 1 0.5) (layers F.Cu F.Mask)
      (net 3 VCC) (zone_connect 0)
      (options (clearance outline) (anchor rect))
      (primitives
        (gr_circle (center 0 0.25) (end 0.5 0.25) (width 0))
        (gr_circle (center 0 -0.25) (end 0.5 -0.25) (width 0))
        (gr_poly (pts
           (xy -0.55 -0.75) (xy 0 -0.75) (xy 0 0.75) (xy -0.55 0.75)) (width 0))
      ))
    (pad 1 smd custom (at -1.3 0 270) (size 1 0.5) (layers F.Cu F.Mask)
      (net 6 GND) (zone_connect 0)
      (options (clearance outline) (anchor rect))
      (primitives
        (gr_circle (center 0 0.25) (end 0.5 0.25) (width 0))
        (gr_circle (center 0 -0.25) (end 0.5 -0.25) (width 0))
        (gr_poly (pts
           (xy 0.55 -0.75) (xy 0 -0.75) (xy 0 0.75) (xy 0.55 0.75)) (width 0))
        (gr_poly (pts
           (xy 0.4 -0.6) (xy 0.9 -0.6) (xy 0.9 -0.2) (xy 0.4 -0.2)) (width 0))
        (gr_poly (pts
           (xy 0.4 0.2) (xy 0.9 0.2) (xy 0.9 0.6) (xy 0.4 0.6)) (width 0))
      ))
  )

  (module riscv-serial:SolderJumper-3_P1.3mm_Bridged2Bar12_RoundedPad1.0x1.5mm (layer F.Cu) (tedit 5B39197B) (tstamp 5EFE8F9F)
    (at 93.986 92.887 270)
    (descr "SMD Solder 3-pad Jumper, 1x1.5mm rounded Pads, 0.3mm gap, pads 1-2 Bridged2Bar with 2 copper strip")
    (tags "solder jumper open")
    (path /5EEF4B55)
    (attr virtual)
    (fp_text reference JP5 (at 0 -1.8 270) (layer F.SilkS)
      (effects (font (size 1 1) (thickness 0.15)))
    )
    (fp_text value SolderJumper_3_Bridged12 (at 0 1.9 270) (layer F.Fab)
      (effects (font (size 1 1) (thickness 0.15)))
    )
    (fp_line (start -1.2 1.2) (end -0.9 1.5) (layer F.SilkS) (width 0.12))
    (fp_line (start -1.5 1.5) (end -0.9 1.5) (layer F.SilkS) (width 0.12))
    (fp_line (start -1.2 1.2) (end -1.5 1.5) (layer F.SilkS) (width 0.12))
    (fp_line (start -2.05 0.3) (end -2.05 -0.3) (layer F.SilkS) (width 0.12))
    (fp_line (start 1.4 1) (end -1.4 1) (layer F.SilkS) (width 0.12))
    (fp_line (start 2.05 -0.3) (end 2.05 0.3) (layer F.SilkS) (width 0.12))
    (fp_line (start -1.4 -1) (end 1.4 -1) (layer F.SilkS) (width 0.12))
    (fp_line (start -2.3 -1.25) (end 2.3 -1.25) (layer F.CrtYd) (width 0.05))
    (fp_line (start -2.3 -1.25) (end -2.3 1.25) (layer F.CrtYd) (width 0.05))
    (fp_line (start 2.3 1.25) (end 2.3 -1.25) (layer F.CrtYd) (width 0.05))
    (fp_line (start 2.3 1.25) (end -2.3 1.25) (layer F.CrtYd) (width 0.05))
    (fp_arc (start 1.35 -0.3) (end 2.05 -0.3) (angle -90) (layer F.SilkS) (width 0.12))
    (fp_arc (start 1.35 0.3) (end 1.35 1) (angle -90) (layer F.SilkS) (width 0.12))
    (fp_arc (start -1.35 0.3) (end -2.05 0.3) (angle -90) (layer F.SilkS) (width 0.12))
    (fp_arc (start -1.35 -0.3) (end -1.35 -1) (angle -90) (layer F.SilkS) (width 0.12))
    (pad 1 smd custom (at -1.3 0 270) (size 1 0.5) (layers F.Cu F.Mask)
      (net 6 GND) (zone_connect 0)
      (options (clearance outline) (anchor rect))
      (primitives
        (gr_circle (center 0 0.25) (end 0.5 0.25) (width 0))
        (gr_circle (center 0 -0.25) (end 0.5 -0.25) (width 0))
        (gr_poly (pts
           (xy 0.55 -0.75) (xy 0 -0.75) (xy 0 0.75) (xy 0.55 0.75)) (width 0))
        (gr_poly (pts
           (xy 0.4 -0.6) (xy 0.9 -0.6) (xy 0.9 -0.2) (xy 0.4 -0.2)) (width 0))
        (gr_poly (pts
           (xy 0.4 0.2) (xy 0.9 0.2) (xy 0.9 0.6) (xy 0.4 0.6)) (width 0))
      ))
    (pad 3 smd custom (at 1.3 0 270) (size 1 0.5) (layers F.Cu F.Mask)
      (net 3 VCC) (zone_connect 0)
      (options (clearance outline) (anchor rect))
      (primitives
        (gr_circle (center 0 0.25) (end 0.5 0.25) (width 0))
        (gr_circle (center 0 -0.25) (end 0.5 -0.25) (width 0))
        (gr_poly (pts
           (xy -0.55 -0.75) (xy 0 -0.75) (xy 0 0.75) (xy -0.55 0.75)) (width 0))
      ))
    (pad 2 smd rect (at 0 0 270) (size 1 1.5) (layers F.Cu F.Mask)
      (net 12 /B5))
  )

  (module riscv-serial:NHD-0220FZ (layer F.Cu) (tedit 5EE6355D) (tstamp 5EFFABB5)
    (at 101.5 100)
    (path /5EE4A207)
    (fp_text reference J1 (at -30.1 -10.6) (layer F.SilkS)
      (effects (font (size 1 1) (thickness 0.15)))
    )
    (fp_text value NHD-0220FZ (at 0 0) (layer F.Fab)
      (effects (font (size 1 1) (thickness 0.15)))
    )
    (fp_line (start -32.5 -10) (end 32.5 -10) (layer F.Fab) (width 0.1))
    (fp_line (start 32.5 -10) (end 32.5 10) (layer F.Fab) (width 0.1))
    (fp_line (start 32.5 10) (end -32.5 10) (layer F.Fab) (width 0.1))
    (fp_line (start -32.5 10) (end -32.5 -10) (layer F.Fab) (width 0.1))
    (fp_line (start -24 -5) (end 24 -5) (layer F.Fab) (width 0.1))
    (fp_line (start 24 -5) (end 24 5) (layer F.Fab) (width 0.1))
    (fp_line (start 24 5) (end -24 5) (layer F.Fab) (width 0.1))
    (fp_line (start -24 5) (end -24 -5) (layer F.Fab) (width 0.1))
    (fp_circle (center 30 -7.5) (end 31.5 -7.5) (layer F.SilkS) (width 0.1))
    (fp_circle (center 30 7.5) (end 31.5 7.5) (layer F.SilkS) (width 0.1))
    (fp_circle (center -30 -7.5) (end -28.5 -7.5) (layer F.SilkS) (width 0.1))
    (fp_circle (center -30 7.5) (end -28.5 7.5) (layer F.SilkS) (width 0.1))
    (fp_line (start -32 -9.5) (end -28 -9.5) (layer B.CrtYd) (width 0.1))
    (fp_line (start -28 -9.5) (end -28 9.5) (layer B.CrtYd) (width 0.1))
    (fp_line (start -28 9.5) (end -32 9.5) (layer B.CrtYd) (width 0.1))
    (fp_line (start -32 9.5) (end -32 -9.5) (layer B.CrtYd) (width 0.1))
    (fp_line (start -31.385 -5.195) (end -28.635 -5.195) (layer F.SilkS) (width 0.1))
    (fp_line (start -28.635 -5.195) (end -28.635 3.805) (layer F.SilkS) (width 0.1))
    (fp_line (start -29.885 5.305) (end -31.385 5.305) (layer F.SilkS) (width 0.1))
    (fp_line (start -31.385 5.305) (end -31.385 -5.195) (layer F.SilkS) (width 0.1))
    (fp_line (start -29.885 5.555) (end -28.385 5.555) (layer F.SilkS) (width 0.1))
    (fp_line (start -28.385 5.555) (end -28.385 3.805) (layer F.SilkS) (width 0.1))
    (pad 1 thru_hole roundrect (at -29.365 4.445) (size 1 1) (drill 0.65) (layers *.Cu *.Mask) (roundrect_rratio 0.1)
      (net 6 GND))
    (pad 2 thru_hole circle (at -30.635 4.445) (size 1 1) (drill 0.65) (layers *.Cu *.Mask)
      (net 3 VCC))
    (pad 3 thru_hole circle (at -29.365 3.175) (size 1 1) (drill 0.65) (layers *.Cu *.Mask)
      (net 50 "Net-(J1-Pad3)"))
    (pad 4 thru_hole circle (at -30.635 3.175) (size 1 1) (drill 0.65) (layers *.Cu *.Mask)
      (net 22 /A0))
    (pad 5 thru_hole circle (at -29.365 1.905) (size 1 1) (drill 0.65) (layers *.Cu *.Mask)
      (net 1 /~MEM_WE))
    (pad 6 thru_hole circle (at -30.635 1.905) (size 1 1) (drill 0.65) (layers *.Cu *.Mask)
      (net 52 /LCD_E))
    (pad 7 thru_hole circle (at -29.365 0.635) (size 1 1) (drill 0.65) (layers *.Cu *.Mask)
      (net 49 /D7))
    (pad 8 thru_hole circle (at -30.635 0.635) (size 1 1) (drill 0.65) (layers *.Cu *.Mask)
      (net 48 /D6))
    (pad 9 thru_hole circle (at -29.365 -0.635) (size 1 1) (drill 0.65) (layers *.Cu *.Mask)
      (net 47 /D5))
    (pad 10 thru_hole circle (at -30.635 -0.635) (size 1 1) (drill 0.65) (layers *.Cu *.Mask)
      (net 46 /D4))
    (pad 11 thru_hole circle (at -29.365 -1.905) (size 1 1) (drill 0.65) (layers *.Cu *.Mask)
      (net 45 /D3))
    (pad 12 thru_hole circle (at -30.635 -1.905) (size 1 1) (drill 0.65) (layers *.Cu *.Mask)
      (net 44 /D2))
    (pad 13 thru_hole circle (at -29.365 -3.175) (size 1 1) (drill 0.65) (layers *.Cu *.Mask)
      (net 43 /D1))
    (pad 14 thru_hole circle (at -30.635 -3.175) (size 1 1) (drill 0.65) (layers *.Cu *.Mask)
      (net 42 /D0))
    (pad 15 thru_hole circle (at -29.365 -4.445) (size 1 1) (drill 0.65) (layers *.Cu *.Mask)
      (net 3 VCC))
    (pad 16 thru_hole circle (at -30.635 -4.445) (size 1 1) (drill 0.65) (layers *.Cu *.Mask)
      (net 6 GND))
    (pad "" np_thru_hole circle (at -30 -7.5) (size 2.5 2.5) (drill 2.5) (layers *.Cu *.Mask))
    (pad "" np_thru_hole circle (at -30 7.5) (size 2.5 2.5) (drill 2.5) (layers *.Cu *.Mask))
    (pad "" np_thru_hole circle (at 30 7.5) (size 2.5 2.5) (drill 2.5) (layers *.Cu *.Mask))
    (pad "" np_thru_hole circle (at 30 -7.5) (size 2.5 2.5) (drill 2.5) (layers *.Cu *.Mask))
    (model /home/olof/Documents/Projects/riscv-serial/hardware/NHD-0220FZ-FSW-GBW-P.step
      (offset (xyz 0 0 5.94))
      (scale (xyz 1 1 1))
      (rotate (xyz 0 0 0))
    )
  )

  (module Capacitor_SMD:C_0805_2012Metric_Pad1.15x1.40mm_HandSolder (layer B.Cu) (tedit 5B36C52B) (tstamp 5EF28EC0)
    (at 120.6 104.8 90)
    (descr "Capacitor SMD 0805 (2012 Metric), square (rectangular) end terminal, IPC_7351 nominal with elongated pad for handsoldering. (Body size source: https://docs.google.com/spreadsheets/d/1BsfQQcO9C6DZCsRaXUlFlo91Tg2WpOkGARC1WS5S8t0/edit?usp=sharing), generated with kicad-footprint-generator")
    (tags "capacitor handsolder")
    (path /5EE55C75)
    (attr smd)
    (fp_text reference C2 (at 0 1.65 90) (layer B.SilkS)
      (effects (font (size 1 1) (thickness 0.15)) (justify mirror))
    )
    (fp_text value 1u (at 0 -1.65 90) (layer B.Fab)
      (effects (font (size 1 1) (thickness 0.15)) (justify mirror))
    )
    (fp_line (start -1 -0.6) (end -1 0.6) (layer B.Fab) (width 0.1))
    (fp_line (start -1 0.6) (end 1 0.6) (layer B.Fab) (width 0.1))
    (fp_line (start 1 0.6) (end 1 -0.6) (layer B.Fab) (width 0.1))
    (fp_line (start 1 -0.6) (end -1 -0.6) (layer B.Fab) (width 0.1))
    (fp_line (start -0.261252 0.71) (end 0.261252 0.71) (layer B.SilkS) (width 0.12))
    (fp_line (start -0.261252 -0.71) (end 0.261252 -0.71) (layer B.SilkS) (width 0.12))
    (fp_line (start -1.85 -0.95) (end -1.85 0.95) (layer B.CrtYd) (width 0.05))
    (fp_line (start -1.85 0.95) (end 1.85 0.95) (layer B.CrtYd) (width 0.05))
    (fp_line (start 1.85 0.95) (end 1.85 -0.95) (layer B.CrtYd) (width 0.05))
    (fp_line (start 1.85 -0.95) (end -1.85 -0.95) (layer B.CrtYd) (width 0.05))
    (fp_text user %R (at 0 0 90) (layer B.Fab)
      (effects (font (size 0.5 0.5) (thickness 0.08)) (justify mirror))
    )
    (pad 1 smd roundrect (at -1.025 0 90) (size 1.15 1.4) (layers B.Cu B.Paste B.Mask) (roundrect_rratio 0.217391)
      (net 6 GND))
    (pad 2 smd roundrect (at 1.025 0 90) (size 1.15 1.4) (layers B.Cu B.Paste B.Mask) (roundrect_rratio 0.217391)
      (net 3 VCC))
    (model ${KISYS3DMOD}/Capacitor_SMD.3dshapes/C_0805_2012Metric.wrl
      (at (xyz 0 0 0))
      (scale (xyz 1 1 1))
      (rotate (xyz 0 0 0))
    )
  )

  (module Capacitor_SMD:C_0805_2012Metric_Pad1.15x1.40mm_HandSolder (layer F.Cu) (tedit 5B36C52B) (tstamp 5EF28EAF)
    (at 175 115)
    (descr "Capacitor SMD 0805 (2012 Metric), square (rectangular) end terminal, IPC_7351 nominal with elongated pad for handsoldering. (Body size source: https://docs.google.com/spreadsheets/d/1BsfQQcO9C6DZCsRaXUlFlo91Tg2WpOkGARC1WS5S8t0/edit?usp=sharing), generated with kicad-footprint-generator")
    (tags "capacitor handsolder")
    (path /5EE67493)
    (attr smd)
    (fp_text reference C3 (at 0 -1.65) (layer F.SilkS)
      (effects (font (size 1 1) (thickness 0.15)))
    )
    (fp_text value 100n (at 0 1.65) (layer F.Fab)
      (effects (font (size 1 1) (thickness 0.15)))
    )
    (fp_text user %R (at 0 0) (layer F.Fab)
      (effects (font (size 0.5 0.5) (thickness 0.08)))
    )
    (fp_line (start 1.85 0.95) (end -1.85 0.95) (layer F.CrtYd) (width 0.05))
    (fp_line (start 1.85 -0.95) (end 1.85 0.95) (layer F.CrtYd) (width 0.05))
    (fp_line (start -1.85 -0.95) (end 1.85 -0.95) (layer F.CrtYd) (width 0.05))
    (fp_line (start -1.85 0.95) (end -1.85 -0.95) (layer F.CrtYd) (width 0.05))
    (fp_line (start -0.261252 0.71) (end 0.261252 0.71) (layer F.SilkS) (width 0.12))
    (fp_line (start -0.261252 -0.71) (end 0.261252 -0.71) (layer F.SilkS) (width 0.12))
    (fp_line (start 1 0.6) (end -1 0.6) (layer F.Fab) (width 0.1))
    (fp_line (start 1 -0.6) (end 1 0.6) (layer F.Fab) (width 0.1))
    (fp_line (start -1 -0.6) (end 1 -0.6) (layer F.Fab) (width 0.1))
    (fp_line (start -1 0.6) (end -1 -0.6) (layer F.Fab) (width 0.1))
    (pad 2 smd roundrect (at 1.025 0) (size 1.15 1.4) (layers F.Cu F.Paste F.Mask) (roundrect_rratio 0.217391)
      (net 3 VCC))
    (pad 1 smd roundrect (at -1.025 0) (size 1.15 1.4) (layers F.Cu F.Paste F.Mask) (roundrect_rratio 0.217391)
      (net 6 GND))
    (model ${KISYS3DMOD}/Capacitor_SMD.3dshapes/C_0805_2012Metric.wrl
      (at (xyz 0 0 0))
      (scale (xyz 1 1 1))
      (rotate (xyz 0 0 0))
    )
  )

  (module Capacitor_SMD:C_0805_2012Metric_Pad1.15x1.40mm_HandSolder (layer F.Cu) (tedit 5B36C52B) (tstamp 5EF28E9E)
    (at 173.405001 91.455001)
    (descr "Capacitor SMD 0805 (2012 Metric), square (rectangular) end terminal, IPC_7351 nominal with elongated pad for handsoldering. (Body size source: https://docs.google.com/spreadsheets/d/1BsfQQcO9C6DZCsRaXUlFlo91Tg2WpOkGARC1WS5S8t0/edit?usp=sharing), generated with kicad-footprint-generator")
    (tags "capacitor handsolder")
    (path /5EE6AB36)
    (attr smd)
    (fp_text reference C4 (at 0 -1.65) (layer F.SilkS)
      (effects (font (size 1 1) (thickness 0.15)))
    )
    (fp_text value 100n (at 0 1.65) (layer F.Fab)
      (effects (font (size 1 1) (thickness 0.15)))
    )
    (fp_line (start -1 0.6) (end -1 -0.6) (layer F.Fab) (width 0.1))
    (fp_line (start -1 -0.6) (end 1 -0.6) (layer F.Fab) (width 0.1))
    (fp_line (start 1 -0.6) (end 1 0.6) (layer F.Fab) (width 0.1))
    (fp_line (start 1 0.6) (end -1 0.6) (layer F.Fab) (width 0.1))
    (fp_line (start -0.261252 -0.71) (end 0.261252 -0.71) (layer F.SilkS) (width 0.12))
    (fp_line (start -0.261252 0.71) (end 0.261252 0.71) (layer F.SilkS) (width 0.12))
    (fp_line (start -1.85 0.95) (end -1.85 -0.95) (layer F.CrtYd) (width 0.05))
    (fp_line (start -1.85 -0.95) (end 1.85 -0.95) (layer F.CrtYd) (width 0.05))
    (fp_line (start 1.85 -0.95) (end 1.85 0.95) (layer F.CrtYd) (width 0.05))
    (fp_line (start 1.85 0.95) (end -1.85 0.95) (layer F.CrtYd) (width 0.05))
    (fp_text user %R (at 0 0) (layer F.Fab)
      (effects (font (size 0.5 0.5) (thickness 0.08)))
    )
    (pad 1 smd roundrect (at -1.025 0) (size 1.15 1.4) (layers F.Cu F.Paste F.Mask) (roundrect_rratio 0.217391)
      (net 6 GND))
    (pad 2 smd roundrect (at 1.025 0) (size 1.15 1.4) (layers F.Cu F.Paste F.Mask) (roundrect_rratio 0.217391)
      (net 3 VCC))
    (model ${KISYS3DMOD}/Capacitor_SMD.3dshapes/C_0805_2012Metric.wrl
      (at (xyz 0 0 0))
      (scale (xyz 1 1 1))
      (rotate (xyz 0 0 0))
    )
  )

  (module Capacitor_SMD:C_0805_2012Metric_Pad1.15x1.40mm_HandSolder (layer F.Cu) (tedit 5B36C52B) (tstamp 5EF28E8D)
    (at 177.155001 89.505001)
    (descr "Capacitor SMD 0805 (2012 Metric), square (rectangular) end terminal, IPC_7351 nominal with elongated pad for handsoldering. (Body size source: https://docs.google.com/spreadsheets/d/1BsfQQcO9C6DZCsRaXUlFlo91Tg2WpOkGARC1WS5S8t0/edit?usp=sharing), generated with kicad-footprint-generator")
    (tags "capacitor handsolder")
    (path /5EE70137)
    (attr smd)
    (fp_text reference C5 (at 0 -1.65) (layer F.SilkS)
      (effects (font (size 1 1) (thickness 0.15)))
    )
    (fp_text value 100n (at 0 1.65) (layer F.Fab)
      (effects (font (size 1 1) (thickness 0.15)))
    )
    (fp_text user %R (at 0 0) (layer F.Fab)
      (effects (font (size 0.5 0.5) (thickness 0.08)))
    )
    (fp_line (start 1.85 0.95) (end -1.85 0.95) (layer F.CrtYd) (width 0.05))
    (fp_line (start 1.85 -0.95) (end 1.85 0.95) (layer F.CrtYd) (width 0.05))
    (fp_line (start -1.85 -0.95) (end 1.85 -0.95) (layer F.CrtYd) (width 0.05))
    (fp_line (start -1.85 0.95) (end -1.85 -0.95) (layer F.CrtYd) (width 0.05))
    (fp_line (start -0.261252 0.71) (end 0.261252 0.71) (layer F.SilkS) (width 0.12))
    (fp_line (start -0.261252 -0.71) (end 0.261252 -0.71) (layer F.SilkS) (width 0.12))
    (fp_line (start 1 0.6) (end -1 0.6) (layer F.Fab) (width 0.1))
    (fp_line (start 1 -0.6) (end 1 0.6) (layer F.Fab) (width 0.1))
    (fp_line (start -1 -0.6) (end 1 -0.6) (layer F.Fab) (width 0.1))
    (fp_line (start -1 0.6) (end -1 -0.6) (layer F.Fab) (width 0.1))
    (pad 2 smd roundrect (at 1.025 0) (size 1.15 1.4) (layers F.Cu F.Paste F.Mask) (roundrect_rratio 0.217391)
      (net 3 VCC))
    (pad 1 smd roundrect (at -1.025 0) (size 1.15 1.4) (layers F.Cu F.Paste F.Mask) (roundrect_rratio 0.217391)
      (net 6 GND))
    (model ${KISYS3DMOD}/Capacitor_SMD.3dshapes/C_0805_2012Metric.wrl
      (at (xyz 0 0 0))
      (scale (xyz 1 1 1))
      (rotate (xyz 0 0 0))
    )
  )

  (module Capacitor_SMD:C_0805_2012Metric_Pad1.15x1.40mm_HandSolder (layer B.Cu) (tedit 5B36C52B) (tstamp 5EF28E7C)
    (at 128.2 104.8 90)
    (descr "Capacitor SMD 0805 (2012 Metric), square (rectangular) end terminal, IPC_7351 nominal with elongated pad for handsoldering. (Body size source: https://docs.google.com/spreadsheets/d/1BsfQQcO9C6DZCsRaXUlFlo91Tg2WpOkGARC1WS5S8t0/edit?usp=sharing), generated with kicad-footprint-generator")
    (tags "capacitor handsolder")
    (path /5EE55C69)
    (attr smd)
    (fp_text reference C1 (at 0 1.65 90) (layer B.SilkS)
      (effects (font (size 1 1) (thickness 0.15)) (justify mirror))
    )
    (fp_text value 1u (at 0 -1.65 90) (layer B.Fab)
      (effects (font (size 1 1) (thickness 0.15)) (justify mirror))
    )
    (fp_line (start -1 -0.6) (end -1 0.6) (layer B.Fab) (width 0.1))
    (fp_line (start -1 0.6) (end 1 0.6) (layer B.Fab) (width 0.1))
    (fp_line (start 1 0.6) (end 1 -0.6) (layer B.Fab) (width 0.1))
    (fp_line (start 1 -0.6) (end -1 -0.6) (layer B.Fab) (width 0.1))
    (fp_line (start -0.261252 0.71) (end 0.261252 0.71) (layer B.SilkS) (width 0.12))
    (fp_line (start -0.261252 -0.71) (end 0.261252 -0.71) (layer B.SilkS) (width 0.12))
    (fp_line (start -1.85 -0.95) (end -1.85 0.95) (layer B.CrtYd) (width 0.05))
