(kicad_pcb (version 20171130) (host pcbnew 5.0.2-bee76a0~70~ubuntu18.04.1)

  (general
    (thickness 1.6)
    (drawings 15)
    (tracks 871)
    (zones 0)
    (modules 186)
    (nets 124)
  )

  (page A4)
  (layers
    (0 F.Cu signal)
    (31 B.Cu signal)
    (32 B.Adhes user)
    (33 F.Adhes user)
    (34 B.Paste user)
    (35 F.Paste user)
    (36 B.SilkS user)
    (37 F.SilkS user)
    (38 B.Mask user)
    (39 F.Mask user)
    (40 Dwgs.User user)
    (41 Cmts.User user)
    (42 Eco1.User user)
    (43 Eco2.User user)
    (44 Edge.Cuts user)
    (45 Margin user)
    (46 B.CrtYd user)
    (47 F.CrtYd user)
    (48 B.Fab user hide)
    (49 F.Fab user hide)
  )

  (setup
    (last_trace_width 0.35)
    (trace_clearance 0.2)
    (zone_clearance 0.508)
    (zone_45_only no)
    (trace_min 0.2)
    (segment_width 0.2)
    (edge_width 0.15)
    (via_size 1)
    (via_drill 0.5)
    (via_min_size 0.4)
    (via_min_drill 0.3)
    (uvia_size 0.3)
    (uvia_drill 0.1)
    (uvias_allowed no)
    (uvia_min_size 0.2)
    (uvia_min_drill 0.1)
    (pcb_text_width 0.3)
    (pcb_text_size 1.5 1.5)
    (mod_edge_width 0.15)
    (mod_text_size 1 1)
    (mod_text_width 0.15)
    (pad_size 1.524 1.524)
    (pad_drill 0.762)
    (pad_to_mask_clearance 0.051)
    (solder_mask_min_width 0.25)
    (aux_axis_origin 0 0)
    (visible_elements FFFDF7FF)
    (pcbplotparams
      (layerselection 0x010fc_ffffffff)
      (usegerberextensions false)
      (usegerberattributes false)
      (usegerberadvancedattributes false)
      (creategerberjobfile false)
      (excludeedgelayer true)
      (linewidth 0.100000)
      (plotframeref false)
      (viasonmask false)
      (mode 1)
      (useauxorigin false)
      (hpglpennumber 1)
      (hpglpenspeed 20)
      (hpglpendiameter 15.000000)
      (psnegative false)
      (psa4output false)
      (plotreference true)
      (plotvalue true)
      (plotinvisibletext false)
      (padsonsilk false)
      (subtractmaskfromsilk false)
      (outputformat 1)
      (mirror false)
      (drillshape 1)
      (scaleselection 1)
      (outputdirectory ""))
  )

  (net 0 "")
  (net 1 "Net-(R30-Pad1)")
  (net 2 "Net-(D30-Pad2)")
  (net 3 "Net-(D31-Pad2)")
  (net 4 "Net-(R31-Pad1)")
  (net 5 "Net-(R40-Pad1)")
  (net 6 "Net-(D40-Pad2)")
  (net 7 "Net-(D39-Pad2)")
  (net 8 "Net-(R39-Pad1)")
  (net 9 "Net-(R38-Pad1)")
  (net 10 "Net-(D38-Pad2)")
  (net 11 "Net-(D37-Pad2)")
  (net 12 "Net-(R37-Pad1)")
  (net 13 "Net-(R36-Pad1)")
  (net 14 "Net-(D36-Pad2)")
  (net 15 "Net-(D35-Pad2)")
  (net 16 "Net-(R35-Pad1)")
  (net 17 "Net-(R34-Pad1)")
  (net 18 "Net-(D34-Pad2)")
  (net 19 "Net-(D33-Pad2)")
  (net 20 "Net-(R33-Pad1)")
  (net 21 "Net-(R32-Pad1)")
  (net 22 "Net-(D32-Pad2)")
  (net 23 "Net-(D20-Pad2)")
  (net 24 "Net-(R20-Pad1)")
  (net 25 "Net-(R29-Pad1)")
  (net 26 "Net-(D29-Pad2)")
  (net 27 "Net-(D28-Pad2)")
  (net 28 "Net-(R28-Pad1)")
  (net 29 "Net-(R27-Pad1)")
  (net 30 "Net-(D27-Pad2)")
  (net 31 "Net-(D26-Pad2)")
  (net 32 "Net-(R26-Pad1)")
  (net 33 "Net-(R25-Pad1)")
  (net 34 "Net-(D25-Pad2)")
  (net 35 "Net-(D24-Pad2)")
  (net 36 "Net-(R24-Pad1)")
  (net 37 "Net-(R23-Pad1)")
  (net 38 "Net-(D23-Pad2)")
  (net 39 "Net-(D22-Pad2)")
  (net 40 "Net-(R22-Pad1)")
  (net 41 "Net-(R10-Pad1)")
  (net 42 "Net-(D10-Pad2)")
  (net 43 "Net-(D2-Pad2)")
  (net 44 "Net-(R2-Pad1)")
  (net 45 "Net-(R19-Pad1)")
  (net 46 "Net-(D19-Pad2)")
  (net 47 "Net-(D18-Pad2)")
  (net 48 "Net-(R18-Pad1)")
  (net 49 "Net-(R17-Pad1)")
  (net 50 "Net-(D17-Pad2)")
  (net 51 "Net-(D16-Pad2)")
  (net 52 "Net-(R16-Pad1)")
  (net 53 "Net-(R15-Pad1)")
  (net 54 "Net-(D15-Pad2)")
  (net 55 "Net-(D14-Pad2)")
  (net 56 "Net-(R14-Pad1)")
  (net 57 "Net-(R13-Pad1)")
  (net 58 "Net-(D13-Pad2)")
  (net 59 "Net-(D12-Pad2)")
  (net 60 "Net-(R12-Pad1)")
  (net 61 "Net-(R11-Pad1)")
  (net 62 "Net-(D11-Pad2)")
  (net 63 "Net-(D21-Pad2)")
  (net 64 "Net-(R21-Pad1)")
  (net 65 "Net-(R9-Pad1)")
  (net 66 "Net-(D9-Pad2)")
  (net 67 "Net-(D8-Pad2)")
  (net 68 "Net-(R8-Pad1)")
  (net 69 "Net-(R7-Pad1)")
  (net 70 "Net-(D7-Pad2)")
  (net 71 "Net-(D6-Pad2)")
  (net 72 "Net-(R6-Pad1)")
  (net 73 "Net-(R5-Pad1)")
  (net 74 "Net-(D5-Pad2)")
  (net 75 "Net-(D4-Pad2)")
  (net 76 "Net-(R4-Pad1)")
  (net 77 "Net-(R3-Pad1)")
  (net 78 "Net-(D3-Pad2)")
  (net 79 "Net-(D1-Pad2)")
  (net 80 "Net-(R1-Pad1)")
  (net 81 GND)
  (net 82 VCC)
  (net 83 /D25)
  (net 84 /D26)
  (net 85 /D27)
  (net 86 /D28)
  (net 87 /D29)
  (net 88 /D30)
  (net 89 /D31)
  (net 90 /D32)
  (net 91 /D8)
  (net 92 /D7)
  (net 93 /D6)
  (net 94 /D5)
  (net 95 /D4)
  (net 96 /D3)
  (net 97 /D2)
  (net 98 /D1)
  (net 99 /D33)
  (net 100 /D34)
  (net 101 /D35)
  (net 102 /D36)
  (net 103 /D37)
  (net 104 /D38)
  (net 105 /D39)
  (net 106 /D40)
  (net 107 /D24)
  (net 108 /D23)
  (net 109 /D22)
  (net 110 /D21)
  (net 111 /D20)
  (net 112 /D19)
  (net 113 /D18)
  (net 114 /D17)
  (net 115 /D9)
  (net 116 /D10)
  (net 117 /D11)
  (net 118 /D12)
  (net 119 /D13)
  (net 120 /D14)
  (net 121 /D15)
  (net 122 /D16)
  (net 123 /VIN)

  (net_class Default "This is the default net class."
    (clearance 0.2)
    (trace_width 0.35)
    (via_dia 1)
    (via_drill 0.5)
    (uvia_dia 0.3)
    (uvia_drill 0.1)
    (add_net /D1)
    (add_net /D10)
    (add_net /D11)
    (add_net /D12)
    (add_net /D13)
    (add_net /D14)
    (add_net /D15)
    (add_net /D16)
    (add_net /D17)
    (add_net /D18)
    (add_net /D19)
    (add_net /D2)
    (add_net /D20)
    (add_net /D21)
    (add_net /D22)
    (add_net /D23)
    (add_net /D24)
    (add_net /D25)
    (add_net /D26)
    (add_net /D27)
    (add_net /D28)
    (add_net /D29)
    (add_net /D3)
    (add_net /D30)
    (add_net /D31)
    (add_net /D32)
    (add_net /D33)
    (add_net /D34)
    (add_net /D35)
    (add_net /D36)
    (add_net /D37)
    (add_net /D38)
    (add_net /D39)
    (add_net /D4)
    (add_net /D40)
    (add_net /D5)
    (add_net /D6)
    (add_net /D7)
    (add_net /D8)
    (add_net /D9)
    (add_net /VIN)
    (add_net GND)
    (add_net "Net-(D1-Pad2)")
    (add_net "Net-(D10-Pad2)")
    (add_net "Net-(D11-Pad2)")
    (add_net "Net-(D12-Pad2)")
    (add_net "Net-(D13-Pad2)")
    (add_net "Net-(D14-Pad2)")
    (add_net "Net-(D15-Pad2)")
    (add_net "Net-(D16-Pad2)")
    (add_net "Net-(D17-Pad2)")
    (add_net "Net-(D18-Pad2)")
    (add_net "Net-(D19-Pad2)")
    (add_net "Net-(D2-Pad2)")
    (add_net "Net-(D20-Pad2)")
    (add_net "Net-(D21-Pad2)")
    (add_net "Net-(D22-Pad2)")
    (add_net "Net-(D23-Pad2)")
    (add_net "Net-(D24-Pad2)")
    (add_net "Net-(D25-Pad2)")
    (add_net "Net-(D26-Pad2)")
    (add_net "Net-(D27-Pad2)")
    (add_net "Net-(D28-Pad2)")
    (add_net "Net-(D29-Pad2)")
    (add_net "Net-(D3-Pad2)")
    (add_net "Net-(D30-Pad2)")
    (add_net "Net-(D31-Pad2)")
    (add_net "Net-(D32-Pad2)")
    (add_net "Net-(D33-Pad2)")
    (add_net "Net-(D34-Pad2)")
    (add_net "Net-(D35-Pad2)")
    (add_net "Net-(D36-Pad2)")
    (add_net "Net-(D37-Pad2)")
    (add_net "Net-(D38-Pad2)")
    (add_net "Net-(D39-Pad2)")
    (add_net "Net-(D4-Pad2)")
    (add_net "Net-(D40-Pad2)")
    (add_net "Net-(D5-Pad2)")
    (add_net "Net-(D6-Pad2)")
    (add_net "Net-(D7-Pad2)")
    (add_net "Net-(D8-Pad2)")
    (add_net "Net-(D9-Pad2)")
    (add_net "Net-(R1-Pad1)")
    (add_net "Net-(R10-Pad1)")
    (add_net "Net-(R11-Pad1)")
    (add_net "Net-(R12-Pad1)")
    (add_net "Net-(R13-Pad1)")
    (add_net "Net-(R14-Pad1)")
    (add_net "Net-(R15-Pad1)")
    (add_net "Net-(R16-Pad1)")
    (add_net "Net-(R17-Pad1)")
    (add_net "Net-(R18-Pad1)")
    (add_net "Net-(R19-Pad1)")
    (add_net "Net-(R2-Pad1)")
    (add_net "Net-(R20-Pad1)")
    (add_net "Net-(R21-Pad1)")
    (add_net "Net-(R22-Pad1)")
    (add_net "Net-(R23-Pad1)")
    (add_net "Net-(R24-Pad1)")
    (add_net "Net-(R25-Pad1)")
    (add_net "Net-(R26-Pad1)")
    (add_net "Net-(R27-Pad1)")
    (add_net "Net-(R28-Pad1)")
    (add_net "Net-(R29-Pad1)")
    (add_net "Net-(R3-Pad1)")
    (add_net "Net-(R30-Pad1)")
    (add_net "Net-(R31-Pad1)")
    (add_net "Net-(R32-Pad1)")
    (add_net "Net-(R33-Pad1)")
    (add_net "Net-(R34-Pad1)")
    (add_net "Net-(R35-Pad1)")
    (add_net "Net-(R36-Pad1)")
    (add_net "Net-(R37-Pad1)")
    (add_net "Net-(R38-Pad1)")
    (add_net "Net-(R39-Pad1)")
    (add_net "Net-(R4-Pad1)")
    (add_net "Net-(R40-Pad1)")
    (add_net "Net-(R5-Pad1)")
    (add_net "Net-(R6-Pad1)")
    (add_net "Net-(R7-Pad1)")
    (add_net "Net-(R8-Pad1)")
    (add_net "Net-(R9-Pad1)")
    (add_net VCC)
  )

  (module TestPoint:TestPoint_THTPad_2.0x2.0mm_Drill1.0mm (layer F.Cu) (tedit 5FEB4B2A) (tstamp 6030D888)
    (at 67.31 102.87)
    (descr "THT rectangular pad as test Point, square 2.0mm_Drill1.0mm  side length, hole diameter 1.0mm")
    (tags "test point THT pad rectangle square")
    (path /60EA814D)
    (attr virtual)
    (fp_text reference TP44 (at 2.54 0 90) (layer F.SilkS) hide
      (effects (font (size 1 1) (thickness 0.15)))
    )
    (fp_text value TestPoint (at 0 2.05) (layer F.Fab)
      (effects (font (size 1 1) (thickness 0.15)))
    )
    (fp_line (start 1.5 1.5) (end -1.5 1.5) (layer F.CrtYd) (width 0.05))
    (fp_line (start 1.5 1.5) (end 1.5 -1.5) (layer F.CrtYd) (width 0.05))
    (fp_line (start -1.5 -1.5) (end -1.5 1.5) (layer F.CrtYd) (width 0.05))
    (fp_line (start -1.5 -1.5) (end 1.5 -1.5) (layer F.CrtYd) (width 0.05))
    (fp_line (start -1.2 1.2) (end -1.2 -1.2) (layer F.SilkS) (width 0.12))
    (fp_line (start 1.2 1.2) (end -1.2 1.2) (layer F.SilkS) (width 0.12))
    (fp_line (start 1.2 -1.2) (end 1.2 1.2) (layer F.SilkS) (width 0.12))
    (fp_line (start -1.2 -1.2) (end 1.2 -1.2) (layer F.SilkS) (width 0.12))
    (fp_text user %R (at 0 -2) (layer F.Fab)
      (effects (font (size 1 1) (thickness 0.15)))
    )
    (pad 1 thru_hole rect (at 0 0) (size 2 2) (drill 1) (layers *.Cu *.Mask)
      (net 81 GND))
  )

  (module TestPoint:TestPoint_THTPad_2.0x2.0mm_Drill1.0mm (layer F.Cu) (tedit 5FEB4B31) (tstamp 60308C63)
    (at 67.31 46.99)
    (descr "THT rectangular pad as test Point, square 2.0mm_Drill1.0mm  side length, hole diameter 1.0mm")
    (tags "test point THT pad rectangle square")
    (path /60EA7E51)
    (attr virtual)
    (fp_text reference TP42 (at -2.54 0 90) (layer F.SilkS) hide
      (effects (font (size 1 1) (thickness 0.15)))
    )
    (fp_text value TestPoint (at 0 2.05) (layer F.Fab)
      (effects (font (size 1 1) (thickness 0.15)))
    )
    (fp_text user %R (at 0 -2) (layer F.Fab)
      (effects (font (size 1 1) (thickness 0.15)))
    )
    (fp_line (start -1.2 -1.2) (end 1.2 -1.2) (layer F.SilkS) (width 0.12))
    (fp_line (start 1.2 -1.2) (end 1.2 1.2) (layer F.SilkS) (width 0.12))
    (fp_line (start 1.2 1.2) (end -1.2 1.2) (layer F.SilkS) (width 0.12))
    (fp_line (start -1.2 1.2) (end -1.2 -1.2) (layer F.SilkS) (width 0.12))
    (fp_line (start -1.5 -1.5) (end 1.5 -1.5) (layer F.CrtYd) (width 0.05))
    (fp_line (start -1.5 -1.5) (end -1.5 1.5) (layer F.CrtYd) (width 0.05))
    (fp_line (start 1.5 1.5) (end 1.5 -1.5) (layer F.CrtYd) (width 0.05))
    (fp_line (start 1.5 1.5) (end -1.5 1.5) (layer F.CrtYd) (width 0.05))
    (pad 1 thru_hole rect (at 0 0) (size 2 2) (drill 1) (layers *.Cu *.Mask)
      (net 81 GND))
  )

  (module TestPoint:TestPoint_THTPad_2.0x2.0mm_Drill1.0mm (layer F.Cu) (tedit 5FEB4AF1) (tstamp 6032D6E7)
    (at 133.985 46.99)
    (descr "THT rectangular pad as test Point, square 2.0mm_Drill1.0mm  side length, hole diameter 1.0mm")
    (tags "test point THT pad rectangle square")
    (path /60EA7527)
    (attr virtual)
    (fp_text reference TP41 (at 2.54 0 90) (layer F.SilkS) hide
      (effects (font (size 1 1) (thickness 0.15)))
    )
    (fp_text value TestPoint (at 0 2.05) (layer F.Fab)
      (effects (font (size 1 1) (thickness 0.15)))
    )
    (fp_line (start 1.5 1.5) (end -1.5 1.5) (layer F.CrtYd) (width 0.05))
    (fp_line (start 1.5 1.5) (end 1.5 -1.5) (layer F.CrtYd) (width 0.05))
    (fp_line (start -1.5 -1.5) (end -1.5 1.5) (layer F.CrtYd) (width 0.05))
    (fp_line (start -1.5 -1.5) (end 1.5 -1.5) (layer F.CrtYd) (width 0.05))
    (fp_line (start -1.2 1.2) (end -1.2 -1.2) (layer F.SilkS) (width 0.12))
    (fp_line (start 1.2 1.2) (end -1.2 1.2) (layer F.SilkS) (width 0.12))
    (fp_line (start 1.2 -1.2) (end 1.2 1.2) (layer F.SilkS) (width 0.12))
    (fp_line (start -1.2 -1.2) (end 1.2 -1.2) (layer F.SilkS) (width 0.12))
    (fp_text user %R (at 0 -2) (layer F.Fab)
      (effects (font (size 1 1) (thickness 0.15)))
    )
    (pad 1 thru_hole rect (at 0 0) (size 2 2) (drill 1) (layers *.Cu *.Mask)
      (net 81 GND))
  )

  (module TestPoint:TestPoint_THTPad_2.0x2.0mm_Drill1.0mm (layer F.Cu) (tedit 5FEB4B0D) (tstamp 6032CF78)
    (at 133.985 102.87)
    (descr "THT rectangular pad as test Point, square 2.0mm_Drill1.0mm  side length, hole diameter 1.0mm")
    (tags "test point THT pad rectangle square")
    (path /60EA7FCD)
    (attr virtual)
    (fp_text reference TP43 (at -2.54 0 90) (layer F.SilkS) hide
      (effects (font (size 1 1) (thickness 0.15)))
    )
    (fp_text value TestPoint (at 0 2.05) (layer F.Fab)
      (effects (font (size 1 1) (thickness 0.15)))
    )
    (fp_text user %R (at 0 -2) (layer F.Fab)
      (effects (font (size 1 1) (thickness 0.15)))
    )
    (fp_line (start -1.2 -1.2) (end 1.2 -1.2) (layer F.SilkS) (width 0.12))
    (fp_line (start 1.2 -1.2) (end 1.2 1.2) (layer F.SilkS) (width 0.12))
    (fp_line (start 1.2 1.2) (end -1.2 1.2) (layer F.SilkS) (width 0.12))
    (fp_line (start -1.2 1.2) (end -1.2 -1.2) (layer F.SilkS) (width 0.12))
    (fp_line (start -1.5 -1.5) (end 1.5 -1.5) (layer F.CrtYd) (width 0.05))
    (fp_line (start -1.5 -1.5) (end -1.5 1.5) (layer F.CrtYd) (width 0.05))
    (fp_line (start 1.5 1.5) (end 1.5 -1.5) (layer F.CrtYd) (width 0.05))
    (fp_line (start 1.5 1.5) (end -1.5 1.5) (layer F.CrtYd) (width 0.05))
    (pad 1 thru_hole rect (at 0 0) (size 2 2) (drill 1) (layers *.Cu *.Mask)
      (net 81 GND))
  )

  (module riscv-serial:TestPoint-0805 (layer F.Cu) (tedit 5FEB4736) (tstamp 6032D23E)
    (at 133.985 63.5)
    (descr "Resistor SMD 0805 (2012 Metric), square (rectangular) end terminal, IPC_7351 nominal with elongated pad for handsoldering. (Body size source: https://docs.google.com/spreadsheets/d/1BsfQQcO9C6DZCsRaXUlFlo91Tg2WpOkGARC1WS5S8t0/edit?usp=sharing), generated with kicad-footprint-generator")
    (tags "resistor handsolder")
    (path /60D49C51)
    (attr smd)
    (fp_text reference TP11 (at -2.65 0 90) (layer F.SilkS)
      (effects (font (size 1 1) (thickness 0.15)))
    )
    (fp_text value TestPoint (at 0 1.65) (layer F.Fab)
      (effects (font (size 1 1) (thickness 0.15)))
    )
    (fp_line (start 1.75 -0.4) (end 1.75 0.4) (layer F.SilkS) (width 0.12))
    (fp_line (start -1.75 -0.4) (end -1.75 0.4) (layer F.SilkS) (width 0.12))
    (fp_arc (start -1.3 0.4) (end -1.75 0.4) (angle -90) (layer F.SilkS) (width 0.12))
    (fp_arc (start -1.3 -0.4) (end -1.3 -0.85) (angle -90) (layer F.SilkS) (width 0.12))
    (fp_arc (start 1.3 0.4) (end 1.3 0.85) (angle -90) (layer F.SilkS) (width 0.12))
    (fp_arc (start 1.3 -0.4) (end 1.75 -0.4) (angle -90) (layer F.SilkS) (width 0.12))
    (fp_text user %R (at 0 0) (layer F.Fab)
      (effects (font (size 0.5 0.5) (thickness 0.08)))
    )
    (fp_line (start 1.85 0.95) (end -1.85 0.95) (layer F.CrtYd) (width 0.05))
    (fp_line (start 1.85 -0.95) (end 1.85 0.95) (layer F.CrtYd) (width 0.05))
    (fp_line (start -1.85 -0.95) (end 1.85 -0.95) (layer F.CrtYd) (width 0.05))
    (fp_line (start -1.85 0.95) (end -1.85 -0.95) (layer F.CrtYd) (width 0.05))
    (fp_line (start -1.3 0.85) (end 1.3 0.85) (layer F.SilkS) (width 0.12))
    (fp_line (start -1.3 -0.85) (end 1.3 -0.85) (layer F.SilkS) (width 0.12))
    (fp_line (start 1 0.6) (end -1 0.6) (layer F.Fab) (width 0.1))
    (fp_line (start 1 -0.6) (end 1 0.6) (layer F.Fab) (width 0.1))
    (fp_line (start -1 -0.6) (end 1 -0.6) (layer F.Fab) (width 0.1))
    (fp_line (start -1 0.6) (end -1 -0.6) (layer F.Fab) (width 0.1))
    (pad 1 smd roundrect (at 0 0) (size 3.2 1.4) (layers F.Cu F.Mask) (roundrect_rratio 0.217)
      (net 117 /D11))
  )

  (module riscv-serial:TestPoint-0805 (layer F.Cu) (tedit 5FEB4736) (tstamp 6032D06D)
    (at 133.985 53.34)
    (descr "Resistor SMD 0805 (2012 Metric), square (rectangular) end terminal, IPC_7351 nominal with elongated pad for handsoldering. (Body size source: https://docs.google.com/spreadsheets/d/1BsfQQcO9C6DZCsRaXUlFlo91Tg2WpOkGARC1WS5S8t0/edit?usp=sharing), generated with kicad-footprint-generator")
    (tags "resistor handsolder")
    (path /60CE7B9F)
    (attr smd)
    (fp_text reference TP3 (at -2.65 0 90) (layer F.SilkS)
      (effects (font (size 1 1) (thickness 0.15)))
    )
    (fp_text value TestPoint (at 0 1.65) (layer F.Fab)
      (effects (font (size 1 1) (thickness 0.15)))
    )
    (fp_line (start -1 0.6) (end -1 -0.6) (layer F.Fab) (width 0.1))
    (fp_line (start -1 -0.6) (end 1 -0.6) (layer F.Fab) (width 0.1))
    (fp_line (start 1 -0.6) (end 1 0.6) (layer F.Fab) (width 0.1))
    (fp_line (start 1 0.6) (end -1 0.6) (layer F.Fab) (width 0.1))
    (fp_line (start -1.3 -0.85) (end 1.3 -0.85) (layer F.SilkS) (width 0.12))
    (fp_line (start -1.3 0.85) (end 1.3 0.85) (layer F.SilkS) (width 0.12))
    (fp_line (start -1.85 0.95) (end -1.85 -0.95) (layer F.CrtYd) (width 0.05))
    (fp_line (start -1.85 -0.95) (end 1.85 -0.95) (layer F.CrtYd) (width 0.05))
    (fp_line (start 1.85 -0.95) (end 1.85 0.95) (layer F.CrtYd) (width 0.05))
    (fp_line (start 1.85 0.95) (end -1.85 0.95) (layer F.CrtYd) (width 0.05))
    (fp_text user %R (at 0 0) (layer F.Fab)
      (effects (font (size 0.5 0.5) (thickness 0.08)))
    )
    (fp_arc (start 1.3 -0.4) (end 1.75 -0.4) (angle -90) (layer F.SilkS) (width 0.12))
    (fp_arc (start 1.3 0.4) (end 1.3 0.85) (angle -90) (layer F.SilkS) (width 0.12))
    (fp_arc (start -1.3 -0.4) (end -1.3 -0.85) (angle -90) (layer F.SilkS) (width 0.12))
    (fp_arc (start -1.3 0.4) (end -1.75 0.4) (angle -90) (layer F.SilkS) (width 0.12))
    (fp_line (start -1.75 -0.4) (end -1.75 0.4) (layer F.SilkS) (width 0.12))
    (fp_line (start 1.75 -0.4) (end 1.75 0.4) (layer F.SilkS) (width 0.12))
    (pad 1 smd roundrect (at 0 0) (size 3.2 1.4) (layers F.Cu F.Mask) (roundrect_rratio 0.217)
      (net 96 /D3))
  )

  (module riscv-serial:TestPoint-0805 (layer F.Cu) (tedit 5FEB4736) (tstamp 602DA78F)
    (at 67.31 53.34)
    (descr "Resistor SMD 0805 (2012 Metric), square (rectangular) end terminal, IPC_7351 nominal with elongated pad for handsoldering. (Body size source: https://docs.google.com/spreadsheets/d/1BsfQQcO9C6DZCsRaXUlFlo91Tg2WpOkGARC1WS5S8t0/edit?usp=sharing), generated with kicad-footprint-generator")
    (tags "resistor handsolder")
    (path /60CE7BA6)
    (attr smd)
    (fp_text reference TP4 (at -2.65 0 90) (layer F.SilkS)
      (effects (font (size 1 1) (thickness 0.15)))
    )
    (fp_text value TestPoint (at 0 1.65) (layer F.Fab)
      (effects (font (size 1 1) (thickness 0.15)))
    )
    (fp_line (start 1.75 -0.4) (end 1.75 0.4) (layer F.SilkS) (width 0.12))
    (fp_line (start -1.75 -0.4) (end -1.75 0.4) (layer F.SilkS) (width 0.12))
    (fp_arc (start -1.3 0.4) (end -1.75 0.4) (angle -90) (layer F.SilkS) (width 0.12))
    (fp_arc (start -1.3 -0.4) (end -1.3 -0.85) (angle -90) (layer F.SilkS) (width 0.12))
    (fp_arc (start 1.3 0.4) (end 1.3 0.85) (angle -90) (layer F.SilkS) (width 0.12))
    (fp_arc (start 1.3 -0.4) (end 1.75 -0.4) (angle -90) (layer F.SilkS) (width 0.12))
    (fp_text user %R (at 0 0) (layer F.Fab)
      (effects (font (size 0.5 0.5) (thickness 0.08)))
    )
    (fp_line (start 1.85 0.95) (end -1.85 0.95) (layer F.CrtYd) (width 0.05))
    (fp_line (start 1.85 -0.95) (end 1.85 0.95) (layer F.CrtYd) (width 0.05))
    (fp_line (start -1.85 -0.95) (end 1.85 -0.95) (layer F.CrtYd) (width 0.05))
    (fp_line (start -1.85 0.95) (end -1.85 -0.95) (layer F.CrtYd) (width 0.05))
    (fp_line (start -1.3 0.85) (end 1.3 0.85) (layer F.SilkS) (width 0.12))
    (fp_line (start -1.3 -0.85) (end 1.3 -0.85) (layer F.SilkS) (width 0.12))
    (fp_line (start 1 0.6) (end -1 0.6) (layer F.Fab) (width 0.1))
    (fp_line (start 1 -0.6) (end 1 0.6) (layer F.Fab) (width 0.1))
    (fp_line (start -1 -0.6) (end 1 -0.6) (layer F.Fab) (width 0.1))
    (fp_line (start -1 0.6) (end -1 -0.6) (layer F.Fab) (width 0.1))
    (pad 1 smd roundrect (at 0 0) (size 3.2 1.4) (layers F.Cu F.Mask) (roundrect_rratio 0.217)
      (net 95 /D4))
  )

  (module riscv-serial:TestPoint-0805 (layer F.Cu) (tedit 5FEB4736) (tstamp 6032CE54)
    (at 133.985 55.88 180)
    (descr "Resistor SMD 0805 (2012 Metric), square (rectangular) end terminal, IPC_7351 nominal with elongated pad for handsoldering. (Body size source: https://docs.google.com/spreadsheets/d/1BsfQQcO9C6DZCsRaXUlFlo91Tg2WpOkGARC1WS5S8t0/edit?usp=sharing), generated with kicad-footprint-generator")
    (tags "resistor handsolder")
    (path /60D18B6E)
    (attr smd)
    (fp_text reference TP5 (at -2.65 0 270) (layer F.SilkS)
      (effects (font (size 1 1) (thickness 0.15)))
    )
    (fp_text value TestPoint (at 0 1.65 180) (layer F.Fab)
      (effects (font (size 1 1) (thickness 0.15)))
    )
    (fp_line (start -1 0.6) (end -1 -0.6) (layer F.Fab) (width 0.1))
    (fp_line (start -1 -0.6) (end 1 -0.6) (layer F.Fab) (width 0.1))
    (fp_line (start 1 -0.6) (end 1 0.6) (layer F.Fab) (width 0.1))
    (fp_line (start 1 0.6) (end -1 0.6) (layer F.Fab) (width 0.1))
    (fp_line (start -1.3 -0.85) (end 1.3 -0.85) (layer F.SilkS) (width 0.12))
    (fp_line (start -1.3 0.85) (end 1.3 0.85) (layer F.SilkS) (width 0.12))
    (fp_line (start -1.85 0.95) (end -1.85 -0.95) (layer F.CrtYd) (width 0.05))
    (fp_line (start -1.85 -0.95) (end 1.85 -0.95) (layer F.CrtYd) (width 0.05))
    (fp_line (start 1.85 -0.95) (end 1.85 0.95) (layer F.CrtYd) (width 0.05))
    (fp_line (start 1.85 0.95) (end -1.85 0.95) (layer F.CrtYd) (width 0.05))
    (fp_text user %R (at 0 0 180) (layer F.Fab)
      (effects (font (size 0.5 0.5) (thickness 0.08)))
    )
    (fp_arc (start 1.3 -0.4) (end 1.75 -0.4) (angle -90) (layer F.SilkS) (width 0.12))
    (fp_arc (start 1.3 0.4) (end 1.3 0.85) (angle -90) (layer F.SilkS) (width 0.12))
    (fp_arc (start -1.3 -0.4) (end -1.3 -0.85) (angle -90) (layer F.SilkS) (width 0.12))
    (fp_arc (start -1.3 0.4) (end -1.75 0.4) (angle -90) (layer F.SilkS) (width 0.12))
    (fp_line (start -1.75 -0.4) (end -1.75 0.4) (layer F.SilkS) (width 0.12))
    (fp_line (start 1.75 -0.4) (end 1.75 0.4) (layer F.SilkS) (width 0.12))
    (pad 1 smd roundrect (at 0 0 180) (size 3.2 1.4) (layers F.Cu F.Mask) (roundrect_rratio 0.217)
      (net 94 /D5))
  )

  (module riscv-serial:TestPoint-0805 (layer F.Cu) (tedit 5FEB4736) (tstamp 602DA763)
    (at 67.31 55.88 180)
    (descr "Resistor SMD 0805 (2012 Metric), square (rectangular) end terminal, IPC_7351 nominal with elongated pad for handsoldering. (Body size source: https://docs.google.com/spreadsheets/d/1BsfQQcO9C6DZCsRaXUlFlo91Tg2WpOkGARC1WS5S8t0/edit?usp=sharing), generated with kicad-footprint-generator")
    (tags "resistor handsolder")
    (path /60D18B75)
    (attr smd)
    (fp_text reference TP6 (at -2.65 0 270) (layer F.SilkS)
      (effects (font (size 1 1) (thickness 0.15)))
    )
    (fp_text value TestPoint (at 0 1.65 180) (layer F.Fab)
      (effects (font (size 1 1) (thickness 0.15)))
    )
    (fp_line (start 1.75 -0.4) (end 1.75 0.4) (layer F.SilkS) (width 0.12))
    (fp_line (start -1.75 -0.4) (end -1.75 0.4) (layer F.SilkS) (width 0.12))
    (fp_arc (start -1.3 0.4) (end -1.75 0.4) (angle -90) (layer F.SilkS) (width 0.12))
    (fp_arc (start -1.3 -0.4) (end -1.3 -0.85) (angle -90) (layer F.SilkS) (width 0.12))
    (fp_arc (start 1.3 0.4) (end 1.3 0.85) (angle -90) (layer F.SilkS) (width 0.12))
    (fp_arc (start 1.3 -0.4) (end 1.75 -0.4) (angle -90) (layer F.SilkS) (width 0.12))
    (fp_text user %R (at 0 0 180) (layer F.Fab)
      (effects (font (size 0.5 0.5) (thickness 0.08)))
    )
    (fp_line (start 1.85 0.95) (end -1.85 0.95) (layer F.CrtYd) (width 0.05))
    (fp_line (start 1.85 -0.95) (end 1.85 0.95) (layer F.CrtYd) (width 0.05))
    (fp_line (start -1.85 -0.95) (end 1.85 -0.95) (layer F.CrtYd) (width 0.05))
    (fp_line (start -1.85 0.95) (end -1.85 -0.95) (layer F.CrtYd) (width 0.05))
    (fp_line (start -1.3 0.85) (end 1.3 0.85) (layer F.SilkS) (width 0.12))
    (fp_line (start -1.3 -0.85) (end 1.3 -0.85) (layer F.SilkS) (width 0.12))
    (fp_line (start 1 0.6) (end -1 0.6) (layer F.Fab) (width 0.1))
    (fp_line (start 1 -0.6) (end 1 0.6) (layer F.Fab) (width 0.1))
    (fp_line (start -1 -0.6) (end 1 -0.6) (layer F.Fab) (width 0.1))
    (fp_line (start -1 0.6) (end -1 -0.6) (layer F.Fab) (width 0.1))
    (pad 1 smd roundrect (at 0 0 180) (size 3.2 1.4) (layers F.Cu F.Mask) (roundrect_rratio 0.217)
      (net 93 /D6))
  )

  (module riscv-serial:TestPoint-0805 (layer F.Cu) (tedit 5FEB4736) (tstamp 6032CCB9)
    (at 133.985 58.42)
    (descr "Resistor SMD 0805 (2012 Metric), square (rectangular) end terminal, IPC_7351 nominal with elongated pad for handsoldering. (Body size source: https://docs.google.com/spreadsheets/d/1BsfQQcO9C6DZCsRaXUlFlo91Tg2WpOkGARC1WS5S8t0/edit?usp=sharing), generated with kicad-footprint-generator")
    (tags "resistor handsolder")
    (path /60D18B7C)
    (attr smd)
    (fp_text reference TP7 (at -2.65 0 90) (layer F.SilkS)
      (effects (font (size 1 1) (thickness 0.15)))
    )
    (fp_text value TestPoint (at 0 1.65) (layer F.Fab)
      (effects (font (size 1 1) (thickness 0.15)))
    )
    (fp_line (start -1 0.6) (end -1 -0.6) (layer F.Fab) (width 0.1))
    (fp_line (start -1 -0.6) (end 1 -0.6) (layer F.Fab) (width 0.1))
    (fp_line (start 1 -0.6) (end 1 0.6) (layer F.Fab) (width 0.1))
    (fp_line (start 1 0.6) (end -1 0.6) (layer F.Fab) (width 0.1))
    (fp_line (start -1.3 -0.85) (end 1.3 -0.85) (layer F.SilkS) (width 0.12))
    (fp_line (start -1.3 0.85) (end 1.3 0.85) (layer F.SilkS) (width 0.12))
    (fp_line (start -1.85 0.95) (end -1.85 -0.95) (layer F.CrtYd) (width 0.05))
    (fp_line (start -1.85 -0.95) (end 1.85 -0.95) (layer F.CrtYd) (width 0.05))
    (fp_line (start 1.85 -0.95) (end 1.85 0.95) (layer F.CrtYd) (width 0.05))
    (fp_line (start 1.85 0.95) (end -1.85 0.95) (layer F.CrtYd) (width 0.05))
    (fp_text user %R (at 0 0) (layer F.Fab)
      (effects (font (size 0.5 0.5) (thickness 0.08)))
    )
    (fp_arc (start 1.3 -0.4) (end 1.75 -0.4) (angle -90) (layer F.SilkS) (width 0.12))
    (fp_arc (start 1.3 0.4) (end 1.3 0.85) (angle -90) (layer F.SilkS) (width 0.12))
    (fp_arc (start -1.3 -0.4) (end -1.3 -0.85) (angle -90) (layer F.SilkS) (width 0.12))
    (fp_arc (start -1.3 0.4) (end -1.75 0.4) (angle -90) (layer F.SilkS) (width 0.12))
    (fp_line (start -1.75 -0.4) (end -1.75 0.4) (layer F.SilkS) (width 0.12))
    (fp_line (start 1.75 -0.4) (end 1.75 0.4) (layer F.SilkS) (width 0.12))
    (pad 1 smd roundrect (at 0 0) (size 3.2 1.4) (layers F.Cu F.Mask) (roundrect_rratio 0.217)
      (net 92 /D7))
  )

  (module riscv-serial:TestPoint-0805 (layer F.Cu) (tedit 5FEB4736) (tstamp 602DA737)
    (at 67.31 58.42)
    (descr "Resistor SMD 0805 (2012 Metric), square (rectangular) end terminal, IPC_7351 nominal with elongated pad for handsoldering. (Body size source: https://docs.google.com/spreadsheets/d/1BsfQQcO9C6DZCsRaXUlFlo91Tg2WpOkGARC1WS5S8t0/edit?usp=sharing), generated with kicad-footprint-generator")
    (tags "resistor handsolder")
    (path /60D18B83)
    (attr smd)
    (fp_text reference TP8 (at -2.65 0 90) (layer F.SilkS)
      (effects (font (size 1 1) (thickness 0.15)))
    )
    (fp_text value TestPoint (at 0 1.65) (layer F.Fab)
      (effects (font (size 1 1) (thickness 0.15)))
    )
    (fp_line (start 1.75 -0.4) (end 1.75 0.4) (layer F.SilkS) (width 0.12))
    (fp_line (start -1.75 -0.4) (end -1.75 0.4) (layer F.SilkS) (width 0.12))
    (fp_arc (start -1.3 0.4) (end -1.75 0.4) (angle -90) (layer F.SilkS) (width 0.12))
    (fp_arc (start -1.3 -0.4) (end -1.3 -0.85) (angle -90) (layer F.SilkS) (width 0.12))
    (fp_arc (start 1.3 0.4) (end 1.3 0.85) (angle -90) (layer F.SilkS) (width 0.12))
    (fp_arc (start 1.3 -0.4) (end 1.75 -0.4) (angle -90) (layer F.SilkS) (width 0.12))
    (fp_text user %R (at 0 0) (layer F.Fab)
      (effects (font (size 0.5 0.5) (thickness 0.08)))
    )
    (fp_line (start 1.85 0.95) (end -1.85 0.95) (layer F.CrtYd) (width 0.05))
    (fp_line (start 1.85 -0.95) (end 1.85 0.95) (layer F.CrtYd) (width 0.05))
    (fp_line (start -1.85 -0.95) (end 1.85 -0.95) (layer F.CrtYd) (width 0.05))
    (fp_line (start -1.85 0.95) (end -1.85 -0.95) (layer F.CrtYd) (width 0.05))
    (fp_line (start -1.3 0.85) (end 1.3 0.85) (layer F.SilkS) (width 0.12))
    (fp_line (start -1.3 -0.85) (end 1.3 -0.85) (layer F.SilkS) (width 0.12))
    (fp_line (start 1 0.6) (end -1 0.6) (layer F.Fab) (width 0.1))
    (fp_line (start 1 -0.6) (end 1 0.6) (layer F.Fab) (width 0.1))
    (fp_line (start -1 -0.6) (end 1 -0.6) (layer F.Fab) (width 0.1))
    (fp_line (start -1 0.6) (end -1 -0.6) (layer F.Fab) (width 0.1))
    (pad 1 smd roundrect (at 0 0) (size 3.2 1.4) (layers F.Cu F.Mask) (roundrect_rratio 0.217)
      (net 91 /D8))
  )

  (module riscv-serial:TestPoint-0805 (layer F.Cu) (tedit 5FEB4736) (tstamp 6032CDD6)
    (at 133.985 60.96 180)
    (descr "Resistor SMD 0805 (2012 Metric), square (rectangular) end terminal, IPC_7351 nominal with elongated pad for handsoldering. (Body size source: https://docs.google.com/spreadsheets/d/1BsfQQcO9C6DZCsRaXUlFlo91Tg2WpOkGARC1WS5S8t0/edit?usp=sharing), generated with kicad-footprint-generator")
    (tags "resistor handsolder")
    (path /60D49C43)
    (attr smd)
    (fp_text reference TP9 (at -2.65 0 270) (layer F.SilkS)
      (effects (font (size 1 1) (thickness 0.15)))
    )
    (fp_text value TestPoint (at 0 1.65 180) (layer F.Fab)
      (effects (font (size 1 1) (thickness 0.15)))
    )
    (fp_line (start -1 0.6) (end -1 -0.6) (layer F.Fab) (width 0.1))
    (fp_line (start -1 -0.6) (end 1 -0.6) (layer F.Fab) (width 0.1))
    (fp_line (start 1 -0.6) (end 1 0.6) (layer F.Fab) (width 0.1))
    (fp_line (start 1 0.6) (end -1 0.6) (layer F.Fab) (width 0.1))
    (fp_line (start -1.3 -0.85) (end 1.3 -0.85) (layer F.SilkS) (width 0.12))
    (fp_line (start -1.3 0.85) (end 1.3 0.85) (layer F.SilkS) (width 0.12))
    (fp_line (start -1.85 0.95) (end -1.85 -0.95) (layer F.CrtYd) (width 0.05))
    (fp_line (start -1.85 -0.95) (end 1.85 -0.95) (layer F.CrtYd) (width 0.05))
    (fp_line (start 1.85 -0.95) (end 1.85 0.95) (layer F.CrtYd) (width 0.05))
    (fp_line (start 1.85 0.95) (end -1.85 0.95) (layer F.CrtYd) (width 0.05))
    (fp_text user %R (at 0 0 180) (layer F.Fab)
      (effects (font (size 0.5 0.5) (thickness 0.08)))
    )
    (fp_arc (start 1.3 -0.4) (end 1.75 -0.4) (angle -90) (layer F.SilkS) (width 0.12))
    (fp_arc (start 1.3 0.4) (end 1.3 0.85) (angle -90) (layer F.SilkS) (width 0.12))
    (fp_arc (start -1.3 -0.4) (end -1.3 -0.85) (angle -90) (layer F.SilkS) (width 0.12))
    (fp_arc (start -1.3 0.4) (end -1.75 0.4) (angle -90) (layer F.SilkS) (width 0.12))
    (fp_line (start -1.75 -0.4) (end -1.75 0.4) (layer F.SilkS) (width 0.12))
    (fp_line (start 1.75 -0.4) (end 1.75 0.4) (layer F.SilkS) (width 0.12))
    (pad 1 smd roundrect (at 0 0 180) (size 3.2 1.4) (layers F.Cu F.Mask) (roundrect_rratio 0.217)
      (net 115 /D9))
  )

  (module riscv-serial:TestPoint-0805 (layer F.Cu) (tedit 5FEB4736) (tstamp 602DA70B)
    (at 67.31 99.06)
    (descr "Resistor SMD 0805 (2012 Metric), square (rectangular) end terminal, IPC_7351 nominal with elongated pad for handsoldering. (Body size source: https://docs.google.com/spreadsheets/d/1BsfQQcO9C6DZCsRaXUlFlo91Tg2WpOkGARC1WS5S8t0/edit?usp=sharing), generated with kicad-footprint-generator")
    (tags "resistor handsolder")
    (path /60DDD07F)
    (attr smd)
    (fp_text reference TP40 (at -2.65 0 90) (layer F.SilkS)
      (effects (font (size 1 1) (thickness 0.15)))
    )
    (fp_text value TestPoint (at 0 1.65) (layer F.Fab)
      (effects (font (size 1 1) (thickness 0.15)))
    )
    (fp_line (start 1.75 -0.4) (end 1.75 0.4) (layer F.SilkS) (width 0.12))
    (fp_line (start -1.75 -0.4) (end -1.75 0.4) (layer F.SilkS) (width 0.12))
    (fp_arc (start -1.3 0.4) (end -1.75 0.4) (angle -90) (layer F.SilkS) (width 0.12))
    (fp_arc (start -1.3 -0.4) (end -1.3 -0.85) (angle -90) (layer F.SilkS) (width 0.12))
    (fp_arc (start 1.3 0.4) (end 1.3 0.85) (angle -90) (layer F.SilkS) (width 0.12))
    (fp_arc (start 1.3 -0.4) (end 1.75 -0.4) (angle -90) (layer F.SilkS) (width 0.12))
    (fp_text user %R (at 0 0) (layer F.Fab)
      (effects (font (size 0.5 0.5) (thickness 0.08)))
    )
    (fp_line (start 1.85 0.95) (end -1.85 0.95) (layer F.CrtYd) (width 0.05))
    (fp_line (start 1.85 -0.95) (end 1.85 0.95) (layer F.CrtYd) (width 0.05))
    (fp_line (start -1.85 -0.95) (end 1.85 -0.95) (layer F.CrtYd) (width 0.05))
    (fp_line (start -1.85 0.95) (end -1.85 -0.95) (layer F.CrtYd) (width 0.05))
    (fp_line (start -1.3 0.85) (end 1.3 0.85) (layer F.SilkS) (width 0.12))
    (fp_line (start -1.3 -0.85) (end 1.3 -0.85) (layer F.SilkS) (width 0.12))
    (fp_line (start 1 0.6) (end -1 0.6) (layer F.Fab) (width 0.1))
    (fp_line (start 1 -0.6) (end 1 0.6) (layer F.Fab) (width 0.1))
    (fp_line (start -1 -0.6) (end 1 -0.6) (layer F.Fab) (width 0.1))
    (fp_line (start -1 0.6) (end -1 -0.6) (layer F.Fab) (width 0.1))
    (pad 1 smd roundrect (at 0 0) (size 3.2 1.4) (layers F.Cu F.Mask) (roundrect_rratio 0.217)
      (net 106 /D40))
  )

  (module riscv-serial:TestPoint-0805 (layer F.Cu) (tedit 5FEB4736) (tstamp 602DA6F5)
    (at 67.31 63.5)
    (descr "Resistor SMD 0805 (2012 Metric), square (rectangular) end terminal, IPC_7351 nominal with elongated pad for handsoldering. (Body size source: https://docs.google.com/spreadsheets/d/1BsfQQcO9C6DZCsRaXUlFlo91Tg2WpOkGARC1WS5S8t0/edit?usp=sharing), generated with kicad-footprint-generator")
    (tags "resistor handsolder")
    (path /60D49C58)
    (attr smd)
    (fp_text reference TP12 (at -2.65 0 90) (layer F.SilkS)
      (effects (font (size 1 1) (thickness 0.15)))
    )
    (fp_text value TestPoint (at 0 1.65) (layer F.Fab)
      (effects (font (size 1 1) (thickness 0.15)))
    )
    (fp_line (start -1 0.6) (end -1 -0.6) (layer F.Fab) (width 0.1))
    (fp_line (start -1 -0.6) (end 1 -0.6) (layer F.Fab) (width 0.1))
    (fp_line (start 1 -0.6) (end 1 0.6) (layer F.Fab) (width 0.1))
    (fp_line (start 1 0.6) (end -1 0.6) (layer F.Fab) (width 0.1))
    (fp_line (start -1.3 -0.85) (end 1.3 -0.85) (layer F.SilkS) (width 0.12))
    (fp_line (start -1.3 0.85) (end 1.3 0.85) (layer F.SilkS) (width 0.12))
    (fp_line (start -1.85 0.95) (end -1.85 -0.95) (layer F.CrtYd) (width 0.05))
    (fp_line (start -1.85 -0.95) (end 1.85 -0.95) (layer F.CrtYd) (width 0.05))
    (fp_line (start 1.85 -0.95) (end 1.85 0.95) (layer F.CrtYd) (width 0.05))
    (fp_line (start 1.85 0.95) (end -1.85 0.95) (layer F.CrtYd) (width 0.05))
    (fp_text user %R (at 0 0) (layer F.Fab)
      (effects (font (size 0.5 0.5) (thickness 0.08)))
    )
    (fp_arc (start 1.3 -0.4) (end 1.75 -0.4) (angle -90) (layer F.SilkS) (width 0.12))
    (fp_arc (start 1.3 0.4) (end 1.3 0.85) (angle -90) (layer F.SilkS) (width 0.12))
    (fp_arc (start -1.3 -0.4) (end -1.3 -0.85) (angle -90) (layer F.SilkS) (width 0.12))
    (fp_arc (start -1.3 0.4) (end -1.75 0.4) (angle -90) (layer F.SilkS) (width 0.12))
    (fp_line (start -1.75 -0.4) (end -1.75 0.4) (layer F.SilkS) (width 0.12))
    (fp_line (start 1.75 -0.4) (end 1.75 0.4) (layer F.SilkS) (width 0.12))
    (pad 1 smd roundrect (at 0 0) (size 3.2 1.4) (layers F.Cu F.Mask) (roundrect_rratio 0.217)
      (net 118 /D12))
  )

  (module riscv-serial:TestPoint-0805 (layer F.Cu) (tedit 5FEB4736) (tstamp 6032D48A)
    (at 133.985 66.04 180)
    (descr "Resistor SMD 0805 (2012 Metric), square (rectangular) end terminal, IPC_7351 nominal with elongated pad for handsoldering. (Body size source: https://docs.google.com/spreadsheets/d/1BsfQQcO9C6DZCsRaXUlFlo91Tg2WpOkGARC1WS5S8t0/edit?usp=sharing), generated with kicad-footprint-generator")
    (tags "resistor handsolder")
    (path /60D49C5F)
    (attr smd)
    (fp_text reference TP13 (at -2.65 0 270) (layer F.SilkS)
      (effects (font (size 1 1) (thickness 0.15)))
    )
    (fp_text value TestPoint (at 0 1.65 180) (layer F.Fab)
      (effects (font (size 1 1) (thickness 0.15)))
    )
    (fp_line (start 1.75 -0.4) (end 1.75 0.4) (layer F.SilkS) (width 0.12))
    (fp_line (start -1.75 -0.4) (end -1.75 0.4) (layer F.SilkS) (width 0.12))
    (fp_arc (start -1.3 0.4) (end -1.75 0.4) (angle -90) (layer F.SilkS) (width 0.12))
    (fp_arc (start -1.3 -0.4) (end -1.3 -0.85) (angle -90) (layer F.SilkS) (width 0.12))
    (fp_arc (start 1.3 0.4) (end 1.3 0.85) (angle -90) (layer F.SilkS) (width 0.12))
    (fp_arc (start 1.3 -0.4) (end 1.75 -0.4) (angle -90) (layer F.SilkS) (width 0.12))
    (fp_text user %R (at 0 0 180) (layer F.Fab)
      (effects (font (size 0.5 0.5) (thickness 0.08)))
    )
    (fp_line (start 1.85 0.95) (end -1.85 0.95) (layer F.CrtYd) (width 0.05))
    (fp_line (start 1.85 -0.95) (end 1.85 0.95) (layer F.CrtYd) (width 0.05))
    (fp_line (start -1.85 -0.95) (end 1.85 -0.95) (layer F.CrtYd) (width 0.05))
    (fp_line (start -1.85 0.95) (end -1.85 -0.95) (layer F.CrtYd) (width 0.05))
    (fp_line (start -1.3 0.85) (end 1.3 0.85) (layer F.SilkS) (width 0.12))
    (fp_line (start -1.3 -0.85) (end 1.3 -0.85) (layer F.SilkS) (width 0.12))
    (fp_line (start 1 0.6) (end -1 0.6) (layer F.Fab) (width 0.1))
    (fp_line (start 1 -0.6) (end 1 0.6) (layer F.Fab) (width 0.1))
    (fp_line (start -1 -0.6) (end 1 -0.6) (layer F.Fab) (width 0.1))
    (fp_line (start -1 0.6) (end -1 -0.6) (layer F.Fab) (width 0.1))
    (pad 1 smd roundrect (at 0 0 180) (size 3.2 1.4) (layers F.Cu F.Mask) (roundrect_rratio 0.217)
      (net 119 /D13))
  )

  (module riscv-serial:TestPoint-0805 (layer F.Cu) (tedit 5FEB4736) (tstamp 602DA6C9)
    (at 67.31 66.04 180)
    (descr "Resistor SMD 0805 (2012 Metric), square (rectangular) end terminal, IPC_7351 nominal with elongated pad for handsoldering. (Body size source: https://docs.google.com/spreadsheets/d/1BsfQQcO9C6DZCsRaXUlFlo91Tg2WpOkGARC1WS5S8t0/edit?usp=sharing), generated with kicad-footprint-generator")
    (tags "resistor handsolder")
    (path /60D49C66)
    (attr smd)
    (fp_text reference TP14 (at -2.65 0 270) (layer F.SilkS)
      (effects (font (size 1 1) (thickness 0.15)))
    )
    (fp_text value TestPoint (at 0 1.65 180) (layer F.Fab)
      (effects (font (size 1 1) (thickness 0.15)))
    )
    (fp_line (start -1 0.6) (end -1 -0.6) (layer F.Fab) (width 0.1))
    (fp_line (start -1 -0.6) (end 1 -0.6) (layer F.Fab) (width 0.1))
    (fp_line (start 1 -0.6) (end 1 0.6) (layer F.Fab) (width 0.1))
    (fp_line (start 1 0.6) (end -1 0.6) (layer F.Fab) (width 0.1))
    (fp_line (start -1.3 -0.85) (end 1.3 -0.85) (layer F.SilkS) (width 0.12))
    (fp_line (start -1.3 0.85) (end 1.3 0.85) (layer F.SilkS) (width 0.12))
    (fp_line (start -1.85 0.95) (end -1.85 -0.95) (layer F.CrtYd) (width 0.05))
    (fp_line (start -1.85 -0.95) (end 1.85 -0.95) (layer F.CrtYd) (width 0.05))
    (fp_line (start 1.85 -0.95) (end 1.85 0.95) (layer F.CrtYd) (width 0.05))
    (fp_line (start 1.85 0.95) (end -1.85 0.95) (layer F.CrtYd) (width 0.05))
    (fp_text user %R (at 0 0 180) (layer F.Fab)
      (effects (font (size 0.5 0.5) (thickness 0.08)))
    )
    (fp_arc (start 1.3 -0.4) (end 1.75 -0.4) (angle -90) (layer F.SilkS) (width 0.12))
    (fp_arc (start 1.3 0.4) (end 1.3 0.85) (angle -90) (layer F.SilkS) (width 0.12))
    (fp_arc (start -1.3 -0.4) (end -1.3 -0.85) (angle -90) (layer F.SilkS) (width 0.12))
    (fp_arc (start -1.3 0.4) (end -1.75 0.4) (angle -90) (layer F.SilkS) (width 0.12))
    (fp_line (start -1.75 -0.4) (end -1.75 0.4) (layer F.SilkS) (width 0.12))
    (fp_line (start 1.75 -0.4) (end 1.75 0.4) (layer F.SilkS) (width 0.12))
